初始时刻，前前两批货物到达时间如下:
34 9
18 4 16 17 11 25 10 2 21
49 8
5 8 15 6 3 12 9 23
计算得到分三批：
Fitness: 1.98763
距离花费: 2.48454
惩罚: 0
[0(0),21(0),25(0),18(0),11(0),4(0),2(0),]

Fitness: 0.558983
距离花费: 0.698729
惩罚: 0
[0(0),23(1),]

Fitness: 2.0469
距离花费: 2.55862
惩罚: 0.758051
[0(0),5(1),3(1),6(1),8(1),9(1),12(1),16(0),15(1),17(0),10(0),]
当第一批货物到达时，批次1中的货物立即送走，批次2,3等待第二批货物到达时进行配送，在等待过程中获得
第三批货物到达时间
66 8
19 1 13 7 14  22 24 20
计算得:
Fitness: 1.43786
距离花费: 1.70238
惩罚: 0
[0(0),5(1),3(1),1(2),6(1),9(1),8(1),7(2),23(1),22(2),]
Fitness: 2.31202
距离花费: 2.77461
惩罚: 1.11497
[0(0),20(2),24(2),13(2),17(0),19(2),15(1),16(0),14(2),12(1),10(0),]

