0 67 34 31 29 27 26 28 30 32 33 50 62 0 87 59 97 75 58 77 74 86 0 65 83 57 52 99 82 90 0 22 24 25 23 21 48 18 19 49 20 0 96 54 72 71 93 94 95 92 80 0 66 64 51 76 89 63 85 84 56 91 0 42 44 43 40 36 35 37 38 39 41 0 81 61 70 68 0 2 6 7 8 46 4 45 5 3 1 100 0 55 88 60 79 73 78 53 98 69 0 10 11 9 13 15 16 17 47 14 12 
0 96 93 71 72 54 81 0 88 60 6 45 5 3 1 70 61 68 0 94 95 92 80 0 53 78 73 79 7 8 46 4 2 100 55 0 87 59 97 75 58 74 86 0 66 24 22 51 76 89 63 85 84 56 91 0 65 77 25 23 21 48 18 19 49 20 64 0 67 34 31 29 27 26 28 30 32 33 50 62 0 42 44 43 40 36 35 37 38 39 41 0 90 83 57 52 99 82 98 69 0 10 11 9 13 15 16 17 47 14 12 
0 10 11 14 47 17 16 15 13 9 82 90 0 34 31 29 27 26 28 30 32 33 63 85 84 91 0 99 87 59 97 75 58 74 86 52 0 65 57 77 25 23 21 48 18 19 24 83 0 56 51 76 89 49 20 22 64 66 0 80 92 95 62 50 67 94 0 68 70 61 81 54 72 71 93 96 0 100 2 4 1 3 5 45 46 8 7 6 0 42 44 43 40 36 35 37 38 39 41 0 55 88 60 79 73 78 12 53 98 69 
0 42 44 43 40 36 35 37 38 39 41 0 80 92 94 96 93 71 72 54 81 0 83 52 99 82 53 98 69 0 86 74 87 59 97 75 58 77 57 65 0 22 20 49 19 18 48 21 23 25 24 0 90 66 64 51 76 89 63 85 84 56 91 0 67 50 34 31 29 27 26 28 30 32 33 62 95 0 88 60 78 73 79 7 6 2 100 0 68 61 70 1 3 5 45 4 46 8 55 0 10 11 9 13 15 16 17 47 14 12 
0 10 11 9 13 15 16 17 47 14 12 0 65 86 74 77 58 75 97 59 87 0 22 24 25 23 21 48 18 19 49 20 0 96 94 93 71 72 54 81 0 91 56 64 51 76 89 63 85 84 95 92 80 0 62 50 33 32 30 28 26 27 29 31 34 67 0 90 66 83 57 52 99 82 53 98 69 0 88 60 78 73 79 7 8 46 6 55 0 68 61 70 1 3 5 45 4 2 100 0 42 44 43 40 36 35 37 38 39 41 
0 77 25 23 21 48 18 19 49 64 0 96 54 72 71 93 94 92 95 91 80 0 87 59 97 75 58 74 86 0 66 24 22 20 51 76 89 63 85 84 56 0 69 98 82 99 52 57 83 65 90 0 62 33 32 30 28 26 27 29 31 34 50 67 0 41 39 38 37 35 36 40 43 44 42 0 53 60 78 73 79 7 6 2 100 68 0 81 61 70 1 3 5 45 4 46 8 88 55 0 10 11 9 13 15 16 17 47 14 12 
0 55 88 60 79 73 78 53 98 69 0 87 59 97 75 58 74 86 65 0 77 25 23 21 48 18 19 49 22 24 0 80 92 94 96 93 71 72 54 81 0 67 50 34 31 29 27 26 28 30 32 33 62 95 0 66 64 20 51 76 89 63 85 84 56 91 0 42 44 43 40 36 35 37 38 39 41 0 68 70 61 0 2 6 7 8 46 4 45 5 3 1 100 0 83 57 52 99 82 90 0 10 11 9 13 15 16 17 47 14 12 
0 61 1 3 5 45 4 46 8 7 6 2 0 83 57 52 99 82 90 0 87 59 97 75 58 77 74 86 65 0 22 20 49 19 18 48 21 23 25 24 0 66 64 51 76 89 63 85 84 56 91 0 95 62 50 33 32 30 28 26 27 29 31 34 67 0 80 92 94 96 93 71 72 54 81 68 70 100 55 0 42 44 43 40 36 35 37 38 39 41 0 88 60 79 73 78 53 98 69 0 10 11 9 13 15 16 17 47 14 12 
0 87 59 97 75 58 77 74 86 65 0 22 20 49 19 18 48 21 23 25 24 0 64 51 76 89 63 85 84 56 0 34 31 29 27 26 28 30 32 33 50 92 0 96 93 71 72 54 81 0 42 44 43 40 36 35 37 38 39 41 0 68 70 61 0 66 83 57 52 99 82 90 0 2 6 7 8 46 4 45 5 3 1 100 0 55 88 60 79 73 78 53 98 69 0 91 95 62 67 94 80 0 10 11 9 13 15 16 17 47 14 12 
0 92 95 94 93 71 96 0 57 77 58 75 97 59 87 74 86 0 66 64 51 76 89 63 85 84 56 91 80 0 22 20 49 19 18 48 21 23 25 24 0 67 34 31 29 27 26 28 30 32 33 50 62 0 81 54 72 61 70 68 0 42 44 43 40 36 35 37 38 39 41 0 65 83 52 99 82 90 0 2 6 7 8 46 4 45 5 3 1 100 0 69 98 53 78 73 79 60 88 55 0 10 11 9 13 15 16 17 47 14 12 
0 65 52 86 74 58 75 97 59 87 99 90 0 57 77 25 23 21 19 22 24 83 0 66 64 20 49 48 18 89 76 56 0 34 31 29 27 26 28 30 32 33 50 92 0 68 70 42 39 41 72 71 93 96 0 80 94 67 62 85 63 51 84 95 91 0 81 54 38 37 35 36 40 43 44 61 0 2 6 7 8 46 4 45 5 3 1 100 0 55 88 60 79 73 78 53 82 98 69 0 10 11 9 13 15 16 17 47 14 12 
0 81 96 54 72 71 93 94 92 80 0 57 77 58 75 97 59 87 74 86 0 22 20 49 19 18 48 21 23 25 24 0 66 64 51 76 89 63 85 84 56 91 0 67 34 31 29 27 26 28 30 32 33 50 62 95 0 42 44 43 40 36 35 37 38 39 41 0 8 46 4 45 5 3 1 70 61 68 0 88 60 78 73 79 7 6 2 100 55 0 69 98 53 82 99 52 83 65 90 0 10 11 9 13 15 16 17 47 14 12 
0 10 11 13 15 16 17 47 14 12 53 98 0 66 64 22 24 52 99 82 69 0 67 34 31 29 27 26 28 30 32 33 50 62 0 90 57 77 25 23 21 48 18 19 49 20 83 0 96 94 93 71 72 54 81 0 80 92 95 84 85 63 89 76 51 56 91 0 42 44 43 40 36 35 37 38 39 41 0 68 61 70 1 3 5 45 4 2 100 0 9 87 59 97 75 58 74 86 65 0 88 60 78 73 79 7 8 46 6 55 
0 94 67 34 31 29 27 26 28 30 32 33 92 0 90 82 99 52 83 65 0 57 77 58 75 97 59 87 74 86 0 22 20 49 19 18 48 21 23 25 24 0 66 64 51 76 89 63 85 84 56 0 80 91 95 62 50 71 93 96 0 81 54 72 61 70 68 0 41 39 38 37 35 36 40 43 44 42 0 2 6 7 8 46 4 45 5 3 1 100 0 55 88 60 79 73 78 53 98 69 0 10 11 9 13 15 16 17 47 14 12 
0 92 95 94 93 71 96 0 87 59 97 75 58 77 74 86 0 65 83 57 52 99 82 90 0 22 20 49 19 18 48 21 23 25 24 0 80 91 56 84 85 63 89 76 51 64 66 0 67 34 31 29 27 26 28 30 32 33 50 62 0 81 54 72 61 70 68 0 42 44 43 40 36 35 37 38 39 41 0 2 6 7 8 46 4 45 5 3 1 100 0 10 11 9 13 15 16 17 47 14 12 0 55 88 60 79 73 78 53 98 69 
0 57 77 58 75 97 59 87 74 86 0 69 98 53 78 73 79 60 88 55 0 22 24 25 23 21 48 18 19 49 20 0 66 64 51 76 89 63 85 84 56 0 96 54 72 71 93 94 92 95 91 80 0 42 44 43 40 36 35 37 38 39 41 0 68 70 61 81 0 62 33 32 30 28 26 27 29 31 34 50 67 0 2 6 7 8 46 4 45 5 3 1 100 0 90 82 99 52 83 65 0 10 11 9 13 15 16 17 47 14 12 
0 90 82 99 52 83 65 0 80 92 95 94 93 71 96 0 57 77 58 75 97 59 87 74 86 0 22 20 49 19 18 48 21 23 25 24 0 66 64 51 76 89 63 85 84 56 91 0 67 34 31 29 27 26 28 30 32 33 50 62 0 39 38 37 35 36 40 43 44 42 0 81 54 72 41 61 68 0 70 1 3 5 45 4 46 8 2 100 55 0 88 6 7 79 73 78 60 53 98 69 0 10 11 9 13 15 16 17 47 14 12 
0 67 34 31 29 27 26 28 30 32 33 50 62 0 2 6 7 8 46 4 45 5 3 1 100 0 86 74 77 58 75 97 59 87 0 65 83 57 52 99 82 90 0 22 20 49 19 18 48 21 23 25 24 0 66 64 51 76 89 63 85 84 95 56 91 0 41 39 38 37 35 36 40 43 44 42 0 68 70 61 81 54 72 71 93 96 94 92 80 0 10 11 9 13 15 16 17 47 14 12 0 55 88 60 79 73 78 53 98 69 
0 77 25 23 21 48 18 19 49 20 64 66 0 56 51 76 89 63 85 84 95 91 0 67 34 31 29 27 26 28 30 32 33 50 62 0 87 59 97 75 58 74 86 65 0 10 11 9 13 15 16 17 47 14 12 0 96 54 72 71 93 94 92 80 0 42 44 43 40 36 35 37 38 39 41 0 2 6 7 8 46 4 45 5 3 1 100 0 68 70 61 81 0 55 88 60 79 73 78 53 98 69 0 90 82 99 52 57 24 22 83 
0 22 20 49 19 18 48 21 23 25 24 0 77 58 75 97 59 87 9 0 65 83 57 74 86 52 99 82 90 0 61 81 96 54 72 71 93 94 92 80 0 66 64 51 76 89 63 85 84 56 91 0 95 62 33 32 30 28 26 27 29 31 34 50 67 0 42 44 43 40 36 35 37 38 39 41 0 2 6 7 8 46 4 45 5 3 1 100 0 69 78 73 79 60 88 55 70 68 0 10 11 13 15 16 17 47 14 12 53 98 
