0 81 54 72 71 93 96 0 10 11 9 13 15 16 17 47 14 12 0 94 67 62 92 80 0 20 49 19 18 48 21 23 25 24 22 0 65 83 64 51 76 89 63 85 84 56 66 0 50 34 31 29 27 26 28 30 32 33 95 91 0 57 77 58 75 97 59 87 74 86 52 99 82 0 69 0 42 44 43 40 36 35 37 38 39 41 0 90 98 53 60 78 73 79 7 6 2 88 0 68 61 70 1 3 5 45 8 46 4 100 55 
0 80 92 0 57 77 58 75 97 59 87 74 86 52 99 82 0 22 20 49 19 18 48 21 23 25 24 0 90 65 83 64 51 76 89 63 85 84 56 66 0 96 71 93 94 67 50 62 91 0 81 54 72 34 31 29 27 26 28 30 32 33 95 0 42 44 43 40 36 35 37 38 39 41 0 69 0 88 6 4 45 5 3 1 70 61 68 0 98 53 60 78 73 79 7 8 46 2 100 55 0 10 11 9 13 15 16 17 47 14 12 
0 94 67 62 92 80 0 52 86 74 87 59 97 75 58 77 57 83 0 22 20 49 19 18 48 21 23 25 24 0 66 64 51 76 89 63 85 84 56 0 34 31 29 27 26 28 30 32 33 50 95 91 0 68 70 61 81 54 72 71 93 96 0 90 82 10 11 15 16 13 9 99 65 0 100 2 4 1 3 5 45 46 8 7 6 0 42 44 43 40 36 35 37 38 39 41 0 55 88 60 79 73 78 17 47 14 12 53 98 0 69 
0 65 99 82 69 0 42 44 43 40 36 35 37 38 39 41 0 24 25 23 21 48 18 19 49 20 22 0 83 57 86 74 77 58 75 97 59 87 52 0 34 31 29 27 26 28 30 32 33 50 62 91 0 80 92 0 66 64 51 76 89 63 85 84 95 56 0 96 94 67 93 71 72 54 81 61 0 68 70 1 3 5 45 4 46 8 2 100 0 90 98 53 60 78 73 79 7 6 88 55 0 10 11 9 13 15 16 17 47 14 12 
0 86 74 87 59 97 75 58 77 83 0 10 11 9 13 15 16 17 47 14 12 0 66 24 25 23 21 48 18 19 49 20 64 0 34 31 29 27 26 28 30 32 33 50 80 0 42 44 43 40 36 35 37 38 39 41 0 65 99 52 57 22 51 76 89 63 85 95 91 0 56 84 62 67 92 0 69 0 90 82 98 53 78 73 79 60 88 55 70 61 68 0 100 1 3 5 45 4 46 8 7 6 2 0 81 96 54 72 71 93 94 
0 69 0 82 99 87 59 97 75 58 74 86 52 65 0 81 96 94 67 50 62 84 56 92 80 0 66 83 24 22 20 51 76 89 63 85 95 91 0 54 72 71 34 31 29 27 26 28 30 32 33 93 0 42 44 43 40 36 35 37 38 39 41 0 90 57 77 25 23 21 48 18 19 49 64 0 98 53 60 78 73 79 7 6 2 100 55 0 68 61 70 1 3 5 45 4 46 8 88 0 10 11 9 13 15 16 17 47 14 12 
0 64 24 22 51 76 89 63 85 84 56 0 99 52 25 23 21 48 18 19 49 20 83 66 0 65 57 86 74 77 58 75 97 59 87 82 90 0 94 67 62 92 80 0 68 61 81 54 72 71 93 96 0 34 31 29 27 26 28 30 32 33 50 95 91 0 42 44 43 40 36 35 37 38 39 41 0 88 6 7 79 73 78 60 53 98 69 0 70 1 3 5 45 4 46 8 2 100 55 0 10 11 9 13 15 16 17 47 14 12 
0 91 92 80 0 57 77 58 75 97 59 87 74 86 52 99 82 0 61 81 54 72 71 93 94 96 0 66 24 25 23 21 48 18 19 49 20 64 0 100 2 8 46 4 45 5 3 1 70 68 0 42 44 43 40 36 35 37 38 39 41 0 90 65 83 22 51 76 89 63 85 84 56 0 67 34 31 29 27 26 28 30 32 33 50 62 95 0 69 98 53 88 60 78 73 79 7 6 55 0 10 11 9 13 15 16 17 47 14 12 
0 81 54 72 71 93 96 0 52 86 74 87 59 97 75 58 77 57 83 0 22 20 49 19 18 48 21 23 25 24 0 84 85 63 89 76 51 64 66 0 50 34 31 29 27 26 28 30 32 33 56 0 42 44 43 40 36 35 37 38 39 41 0 82 10 11 69 0 91 92 95 62 67 94 80 0 68 61 70 1 3 5 45 4 2 100 0 88 60 78 73 79 7 8 46 6 55 0 90 65 99 9 13 15 16 17 47 14 12 53 98 
0 67 34 31 29 27 26 28 30 32 33 50 62 95 0 90 99 52 86 74 87 59 97 75 58 77 57 0 66 83 64 51 76 89 63 85 84 56 91 0 22 20 49 19 18 48 21 23 25 24 0 65 82 53 78 73 79 60 88 55 100 70 68 0 38 37 35 36 40 43 44 42 61 0 80 92 94 93 71 72 39 41 54 96 81 0 69 0 98 2 6 7 8 46 4 45 5 3 1 0 10 11 9 13 15 16 17 47 14 12 
0 82 86 57 24 23 21 48 18 19 49 20 0 99 52 74 87 59 97 75 58 77 25 22 0 68 61 81 96 54 72 71 93 94 0 65 66 83 64 51 76 89 63 85 84 56 91 0 95 62 50 33 32 30 28 26 27 29 31 34 67 0 80 92 0 42 44 43 40 36 35 37 38 39 41 0 90 98 53 60 78 73 79 7 6 2 100 55 0 70 1 3 5 45 4 46 8 88 69 0 10 11 9 13 15 16 17 47 14 12 
0 33 32 30 28 26 27 29 31 34 71 93 96 0 42 44 43 40 36 35 37 38 39 41 0 54 72 81 0 65 99 82 69 0 22 20 49 19 18 48 21 23 25 24 0 66 64 51 76 89 63 85 84 56 91 0 90 52 86 74 87 59 97 75 58 77 57 83 0 80 92 95 62 50 67 94 0 61 70 1 3 5 45 4 46 8 88 55 0 98 53 60 78 73 79 7 6 2 100 68 0 10 11 9 13 15 16 17 47 14 12 
0 52 86 74 87 59 97 75 58 77 57 83 0 22 20 49 19 18 48 21 23 25 24 0 81 54 72 71 93 67 62 94 96 0 65 99 9 13 16 15 11 10 82 90 0 80 92 56 84 85 63 89 76 51 64 66 0 50 34 31 29 27 26 28 30 32 33 95 91 0 42 44 43 40 36 35 37 38 39 41 0 69 55 70 61 68 0 100 2 4 1 3 5 45 46 8 7 6 0 88 60 79 73 78 17 47 14 12 53 98 
0 90 65 83 64 51 76 89 63 85 84 56 66 0 69 98 53 88 60 78 73 79 7 6 55 0 57 77 58 75 97 59 87 74 86 52 99 82 0 50 34 31 29 27 26 28 30 32 33 95 91 0 22 20 49 19 18 48 21 23 25 24 0 94 67 62 92 80 0 68 70 1 3 5 45 4 46 8 2 100 0 42 44 43 40 36 35 37 38 39 41 0 61 81 54 72 71 93 96 0 10 11 9 13 15 16 17 47 14 12 
0 66 83 64 51 76 89 63 85 84 56 91 0 22 20 49 19 18 48 21 23 25 24 0 52 86 74 87 59 97 75 58 77 57 65 0 96 94 93 71 72 54 81 0 80 92 0 67 34 31 29 27 26 28 30 32 33 50 62 95 0 42 44 43 40 36 35 37 38 39 41 0 2 6 7 8 46 4 45 5 3 1 100 0 69 55 70 61 68 0 88 60 79 73 78 17 47 14 12 53 98 0 90 99 9 13 16 15 11 10 82 
0 33 32 30 28 26 27 29 31 34 71 72 54 81 0 52 86 74 87 59 97 75 58 77 57 83 0 92 95 62 50 67 94 93 96 0 90 65 99 82 69 0 22 20 49 19 18 48 21 23 25 24 0 66 64 51 76 89 63 85 84 56 91 80 0 42 44 43 40 36 35 37 38 39 41 0 68 61 70 1 3 5 45 8 46 4 100 55 0 98 53 60 78 73 79 7 6 2 88 0 10 11 9 13 15 16 17 47 14 12 
0 57 77 58 75 97 59 87 74 86 52 99 82 0 22 20 49 19 18 48 21 23 25 24 0 80 92 0 65 66 83 64 51 76 89 63 85 84 56 91 0 42 44 43 40 36 35 37 38 39 41 0 70 1 3 5 45 4 46 8 2 100 55 0 67 34 31 29 27 26 28 30 32 33 50 62 95 0 68 61 54 72 71 93 94 96 81 0 90 69 98 53 60 78 73 79 7 6 88 0 10 11 9 13 15 16 17 47 14 12 
0 52 87 59 97 75 58 77 74 86 57 83 0 22 20 49 19 18 48 21 23 25 24 0 66 64 51 76 89 63 85 84 56 0 81 54 72 61 70 1 3 5 45 4 2 100 0 88 60 78 73 79 7 8 46 6 55 68 0 33 32 30 28 26 27 29 31 34 71 93 96 0 91 92 95 62 50 67 94 80 0 42 44 43 40 36 35 37 38 39 41 0 69 98 53 82 99 65 90 0 10 11 9 13 15 16 17 47 14 12 
0 65 99 82 69 0 42 44 43 40 36 35 37 38 39 41 0 22 20 49 19 18 48 21 23 25 24 0 66 64 51 76 89 63 85 84 56 0 50 33 32 30 28 26 27 29 31 34 72 61 0 91 95 62 67 71 93 96 54 81 0 80 92 94 0 90 52 86 74 87 59 97 75 58 77 57 83 0 2 6 7 8 46 4 45 5 3 1 100 0 98 53 78 73 79 60 88 55 70 68 0 10 11 9 13 15 16 17 47 14 12 
0 90 65 66 83 64 51 76 89 63 85 84 56 0 61 81 96 54 72 71 93 94 0 57 77 58 75 97 59 87 74 86 52 99 82 0 22 20 49 19 18 48 21 23 25 24 0 91 92 80 0 67 34 31 29 27 26 28 30 32 33 50 62 95 0 42 44 43 40 36 35 37 38 39 41 0 55 100 2 4 45 5 3 1 70 68 0 69 98 53 60 78 73 79 7 8 46 6 88 0 10 11 9 13 15 16 17 47 14 12 
