0 68 61 81 54 72 71 96 0 10 11 9 13 15 16 17 47 14 12 0 66 64 83 65 90 0 57 86 74 77 58 75 97 59 87 52 99 82 0 22 20 49 19 18 48 21 23 25 24 0 91 56 84 51 76 89 63 85 50 67 80 0 92 95 62 33 32 30 28 26 27 29 31 34 93 94 0 42 44 43 40 36 35 37 38 39 41 0 88 6 7 79 73 78 60 53 98 69 0 70 1 3 5 45 4 46 8 2 100 55 
0 65 99 52 86 74 58 75 97 59 87 82 90 0 64 49 19 48 18 89 76 63 85 51 84 0 56 20 22 24 21 23 25 77 57 83 66 0 68 70 1 3 5 45 4 46 8 2 100 0 67 34 31 29 27 26 28 30 32 33 50 62 95 0 42 44 43 40 36 35 37 38 39 41 0 69 98 53 60 78 73 79 7 6 88 55 0 61 81 96 54 72 71 93 94 92 91 80 0 10 11 9 13 15 16 17 47 14 12 
0 67 50 34 31 29 27 26 28 30 32 33 62 95 0 70 1 3 5 45 4 46 8 2 100 55 0 39 38 37 35 36 40 43 44 42 61 0 90 74 77 25 23 21 48 18 19 49 64 66 0 65 57 58 75 97 59 87 86 52 99 82 0 83 24 22 20 51 76 89 63 85 84 56 0 68 81 96 54 41 72 71 93 94 92 91 80 0 69 98 53 60 78 73 79 7 6 88 0 10 11 9 13 15 16 17 47 14 12 
0 57 77 58 75 97 59 87 74 86 52 99 0 22 20 49 19 18 48 21 23 25 24 0 65 83 64 51 76 89 63 85 84 56 66 0 95 62 50 33 32 30 28 26 27 29 31 34 67 0 68 61 81 96 54 72 71 93 94 92 91 80 0 42 44 43 40 36 35 37 38 39 41 0 70 1 3 5 45 4 46 8 2 100 55 0 90 82 53 60 78 73 79 7 6 88 98 69 0 10 11 9 13 15 16 17 47 14 12 
0 99 9 13 15 16 17 47 14 11 10 0 66 83 64 51 76 89 63 85 84 56 91 0 82 53 12 78 73 79 7 60 88 98 69 0 90 52 86 87 59 97 75 58 77 74 57 65 0 22 20 49 19 18 48 21 23 25 24 0 67 34 31 29 27 26 28 30 32 33 50 62 95 0 42 44 43 40 36 35 37 38 39 41 0 100 1 3 5 45 4 46 8 6 2 55 0 68 70 61 81 96 54 72 71 93 94 92 80 
0 24 22 20 51 76 89 63 85 84 56 91 0 99 86 87 59 97 75 58 74 57 83 0 65 52 77 25 23 21 48 18 19 49 64 66 0 95 62 50 33 32 30 28 26 27 29 31 34 67 0 96 54 41 38 72 71 93 94 92 80 0 68 61 42 44 43 40 36 35 37 39 81 0 70 1 3 5 45 4 46 8 2 100 55 0 90 82 53 60 78 73 79 7 6 88 98 69 0 10 11 9 13 15 16 17 47 14 12 
0 90 65 66 83 64 51 76 89 63 85 84 56 0 57 77 58 75 97 59 87 74 86 52 99 82 0 22 20 49 19 18 48 21 23 25 24 0 61 81 96 54 72 71 93 94 92 91 80 0 67 34 31 29 27 26 28 30 32 33 50 62 95 0 42 44 43 40 36 35 37 38 39 41 0 68 70 1 3 5 45 4 46 8 2 100 0 69 98 53 60 78 73 79 7 6 88 55 0 10 11 9 13 15 16 17 47 14 12 
0 90 82 99 52 86 87 59 97 75 58 74 57 0 42 44 43 40 36 35 37 38 39 41 0 77 25 23 21 48 18 19 49 20 64 66 0 65 83 24 22 51 76 89 63 85 84 56 0 70 1 3 5 45 4 46 8 2 100 55 0 67 34 31 29 27 26 28 30 32 33 50 62 95 0 88 6 7 79 73 78 60 53 98 69 0 68 61 81 54 72 71 93 96 94 92 91 80 0 10 11 9 13 15 16 17 47 14 12 
0 65 99 9 97 87 86 57 83 0 24 22 49 19 89 76 51 64 0 80 91 56 95 50 67 94 96 93 71 72 54 81 0 52 74 59 75 58 77 25 23 21 48 18 20 66 0 42 44 43 40 36 35 37 38 39 41 0 61 70 1 3 5 45 4 46 8 2 55 0 69 98 88 60 78 73 79 7 6 100 68 0 53 12 14 47 17 16 15 13 11 10 82 90 0 84 85 63 33 32 30 28 26 27 29 31 34 62 92 
0 66 83 24 22 51 76 89 63 85 84 56 0 64 20 49 19 18 48 21 23 25 77 57 0 61 81 96 54 72 71 93 94 92 91 0 90 82 87 59 97 75 58 74 86 52 99 65 0 67 34 31 29 27 26 28 30 32 33 50 62 95 0 42 44 43 40 36 35 37 38 39 41 0 68 70 55 88 60 79 73 78 53 98 69 0 80 0 2 6 7 8 46 4 45 5 3 1 100 0 10 11 9 13 15 16 17 47 14 12 
0 57 77 25 23 21 48 18 19 49 20 64 0 66 22 24 83 65 0 90 99 52 86 74 58 75 97 59 87 82 0 56 84 51 76 89 63 85 50 67 92 80 0 91 95 62 33 32 30 28 26 27 29 31 34 94 0 61 81 54 72 71 93 96 0 42 44 43 40 36 35 37 38 39 41 0 100 2 8 46 4 45 5 3 1 70 68 0 69 98 53 60 78 73 79 7 6 88 55 0 10 11 9 13 15 16 17 47 14 12 
0 61 81 96 54 72 71 93 94 92 80 0 57 77 58 75 97 59 87 74 86 52 99 0 22 20 49 19 18 48 21 23 25 24 0 42 44 43 40 36 35 37 38 39 41 0 65 66 83 64 51 76 89 63 85 84 56 91 0 10 11 9 13 15 16 17 47 14 12 0 67 34 31 29 27 26 28 30 32 33 50 62 95 0 68 0 69 98 88 6 7 79 73 78 60 53 82 90 0 55 100 2 8 46 4 45 5 3 1 70 
0 57 77 25 23 21 48 18 19 49 20 64 0 83 24 22 51 76 89 63 85 84 95 92 80 0 96 94 93 71 72 54 81 0 68 61 70 1 3 5 45 4 46 8 6 100 0 67 34 31 29 27 26 28 30 32 33 50 62 0 99 9 87 59 97 75 58 74 86 52 65 0 91 56 66 0 42 44 43 40 36 35 37 38 39 41 0 69 98 88 60 78 73 79 7 2 55 0 53 12 14 47 17 16 15 13 11 10 82 90 
0 65 66 83 64 51 76 89 63 85 84 56 91 0 57 77 58 75 97 59 87 74 86 52 99 0 22 20 49 19 18 48 21 23 25 24 0 61 42 44 43 40 36 35 37 38 39 0 67 34 31 29 27 26 28 30 32 33 50 62 95 0 68 81 96 54 41 72 71 93 94 92 80 0 90 82 53 60 78 73 79 7 2 100 55 69 0 70 1 3 5 45 4 46 8 6 88 98 0 10 11 9 13 15 16 17 47 14 12 
0 83 57 77 58 75 97 59 87 74 86 52 0 22 20 49 19 18 48 21 23 25 24 0 66 64 51 76 89 63 85 84 56 91 0 42 44 43 40 36 35 37 38 39 41 0 69 70 61 81 54 72 71 93 96 94 92 80 0 67 50 34 31 29 27 26 28 30 32 33 62 95 0 2 6 7 8 46 4 45 5 3 1 100 0 65 99 9 13 15 16 17 47 14 12 53 98 68 0 90 82 10 11 78 73 79 60 88 55 
0 81 54 72 71 93 94 96 0 64 20 49 19 18 48 21 22 66 0 83 24 23 25 77 75 58 74 57 65 0 91 56 84 51 76 89 63 85 95 92 80 0 67 34 31 29 27 26 28 30 32 33 50 62 0 42 44 43 40 36 35 37 38 39 41 0 69 82 87 97 59 86 52 99 90 0 98 53 60 78 73 79 7 8 6 88 55 0 68 61 70 1 3 5 45 46 4 2 100 0 10 11 9 13 15 16 17 47 14 12 
0 57 77 58 75 97 59 87 74 86 52 99 0 22 20 49 19 18 48 21 23 25 24 0 65 66 83 64 51 76 89 63 85 84 56 91 0 95 62 50 33 32 30 28 26 27 29 31 34 67 0 81 54 39 38 37 35 36 40 43 44 0 68 61 42 41 72 71 93 96 94 92 80 0 70 1 3 5 45 4 46 8 2 100 55 0 69 98 88 6 7 79 73 78 60 53 82 90 0 10 11 9 13 15 16 17 47 14 12 
0 90 65 83 64 51 76 89 63 85 84 56 66 0 57 77 58 75 97 59 87 74 86 52 99 82 0 22 20 49 19 18 48 21 23 25 24 0 61 81 54 72 71 93 96 94 92 91 80 0 67 34 31 29 27 26 28 30 32 33 50 62 95 0 42 44 43 40 36 35 37 38 39 41 0 2 8 46 4 45 5 3 1 70 68 0 69 98 53 88 60 78 73 79 7 6 100 55 0 10 11 9 13 15 16 17 47 14 12 
0 65 52 86 74 77 58 75 97 59 87 99 0 56 84 85 63 89 76 51 64 57 83 66 0 22 20 49 19 18 48 21 23 25 24 0 95 62 50 33 32 30 28 26 27 29 31 34 67 0 42 44 43 40 36 35 37 38 39 41 0 68 61 81 96 54 72 71 93 94 92 91 80 0 10 11 14 47 17 16 15 13 9 82 90 0 88 60 6 7 79 73 78 12 53 98 69 0 55 2 8 46 4 45 5 3 1 70 100 
0 66 83 65 90 0 57 77 58 75 97 59 87 74 86 52 99 82 0 22 20 49 19 18 48 21 23 25 24 0 91 56 64 51 76 89 63 85 84 95 92 80 0 61 81 54 72 71 93 94 96 0 67 34 31 29 27 26 28 30 32 33 50 62 0 42 44 43 40 36 35 37 38 39 41 0 100 2 6 7 79 73 78 60 53 98 69 0 68 70 1 3 5 45 4 46 8 88 55 0 10 11 9 13 15 16 17 47 14 12 
