0 94 93 71 72 54 96 81 0 99 9 13 16 15 11 10 82 0 90 52 86 74 87 59 97 75 58 77 57 83 0 22 20 49 19 18 48 21 23 25 24 0 80 92 91 65 0 100 45 4 2 69 0 66 64 51 76 89 63 85 84 56 0 67 34 31 29 27 26 28 30 32 33 50 62 95 0 42 44 43 40 36 35 37 38 39 41 0 68 61 70 1 3 5 46 8 7 6 55 0 88 60 79 73 78 17 47 14 12 53 98 
0 90 65 0 57 77 58 75 97 59 87 74 86 52 99 82 0 81 54 72 71 93 96 94 92 80 0 69 0 22 20 49 19 18 48 21 23 25 24 0 66 83 64 51 76 89 63 85 84 56 91 0 95 62 50 33 32 30 28 26 27 29 31 34 67 0 42 44 43 40 36 35 37 38 39 41 0 98 53 88 60 78 73 79 7 6 2 100 0 68 61 70 1 3 5 45 4 46 8 55 0 10 11 9 13 15 16 17 47 14 12 
0 57 77 58 75 97 59 87 74 86 52 99 82 0 95 62 33 32 30 28 26 27 29 31 34 50 67 0 22 24 25 23 21 48 18 19 49 20 0 66 83 64 51 76 89 63 85 84 56 91 0 96 54 41 72 71 93 94 0 98 53 78 73 79 7 6 60 88 55 0 69 65 90 0 61 42 44 43 40 36 35 37 38 39 81 0 100 2 8 46 4 45 5 3 1 70 68 0 80 92 0 10 11 9 13 15 16 17 47 14 12 
0 80 92 94 93 71 72 54 96 81 0 90 52 86 74 87 59 97 75 58 77 57 83 0 22 20 49 19 18 48 21 23 25 24 0 65 99 82 69 0 66 64 51 76 89 63 85 84 56 91 0 95 62 50 33 32 30 28 26 27 29 31 34 67 0 42 44 43 40 36 35 37 38 39 41 0 68 61 70 1 3 5 45 4 46 8 88 0 98 53 60 78 73 79 7 6 2 100 55 0 10 11 9 13 15 16 17 47 14 12 
0 10 11 9 13 15 16 17 47 14 12 0 57 77 58 75 97 59 87 74 86 52 99 82 0 22 20 49 19 18 48 21 23 25 24 0 56 51 76 89 63 85 84 91 0 95 62 33 32 30 28 26 27 29 31 34 50 67 0 42 44 43 40 36 35 37 38 39 41 0 70 1 3 5 45 4 46 8 88 69 0 66 64 83 65 90 0 68 61 81 54 72 71 93 96 94 92 80 0 55 100 2 6 7 79 73 78 60 53 98 
0 93 71 72 54 81 0 65 99 82 69 0 96 94 92 80 0 57 25 77 58 75 97 59 87 74 86 52 90 0 22 20 49 19 18 48 21 23 24 83 0 91 56 84 85 63 89 76 51 64 66 0 95 62 50 33 32 30 28 26 27 29 31 34 67 0 42 44 43 40 36 35 37 38 39 41 0 98 53 88 60 78 73 79 7 6 2 100 0 68 61 70 1 3 5 45 4 46 8 55 0 10 11 9 13 15 16 17 47 14 12 
0 90 65 83 64 92 80 0 57 74 77 58 75 97 59 87 86 52 99 82 0 22 20 49 19 18 48 21 23 25 24 0 66 56 84 51 76 89 63 85 95 91 0 68 81 54 72 71 93 94 96 0 67 34 31 29 27 26 28 30 32 33 50 62 0 42 44 43 40 36 35 37 38 39 41 0 61 70 1 3 5 45 4 46 8 88 69 0 98 53 60 78 73 79 7 6 2 100 55 0 10 11 9 13 15 16 17 47 14 12 
0 90 52 86 74 87 59 97 75 58 77 57 83 0 42 44 43 40 36 35 37 38 39 41 0 65 99 82 69 0 22 20 49 19 18 48 21 23 25 24 0 66 64 51 76 89 63 85 84 56 91 0 94 67 62 92 0 98 53 60 78 73 79 7 6 2 100 55 0 95 33 32 30 28 26 27 29 31 34 50 80 0 96 93 71 72 54 81 0 68 61 70 1 3 5 45 4 46 8 88 0 10 11 9 13 15 16 17 47 14 12 
0 90 65 69 0 57 77 58 75 97 59 87 74 86 52 99 82 0 22 20 49 19 18 48 21 23 25 24 0 66 83 64 51 76 89 63 85 84 56 91 0 34 31 29 27 26 28 30 32 33 50 62 95 0 67 93 71 72 54 81 61 0 42 44 43 40 36 35 37 38 39 41 0 80 92 94 96 0 100 2 8 46 4 45 5 3 1 70 68 0 98 53 60 78 73 79 7 6 88 55 0 10 11 9 13 15 16 17 47 14 12 
0 90 65 0 57 77 58 75 97 59 87 74 86 52 99 82 0 22 20 49 19 18 48 21 23 25 24 0 67 34 31 29 27 26 28 30 32 33 50 62 95 0 66 83 64 51 76 89 63 85 84 56 91 0 81 54 72 37 35 36 40 38 39 41 0 96 71 93 94 92 80 0 61 42 44 43 70 68 0 2 6 7 8 46 4 45 5 3 1 100 0 69 98 53 78 73 79 60 88 55 0 10 11 9 13 15 16 17 47 14 12 
0 65 90 0 61 81 54 72 71 93 94 96 0 22 20 49 19 18 48 21 23 25 24 0 66 83 64 51 76 89 63 85 84 56 91 0 95 62 33 32 30 28 26 27 29 31 34 50 67 0 80 92 0 82 87 59 97 75 58 77 74 86 57 52 99 0 42 44 43 40 36 35 37 38 39 41 0 69 88 6 45 4 2 100 70 68 0 98 53 60 78 73 79 7 8 46 5 3 1 55 0 10 11 9 13 15 16 17 47 14 12 
0 61 42 44 43 40 36 35 37 38 39 81 0 80 92 91 0 68 70 1 3 5 45 4 46 8 88 0 57 77 58 75 97 59 87 74 86 52 99 82 0 64 49 19 18 48 21 23 25 24 83 0 67 50 34 31 29 27 26 28 30 32 33 62 95 0 66 22 20 51 76 89 63 85 84 56 0 96 54 41 72 71 93 94 0 98 53 60 78 73 79 7 6 2 100 55 0 90 65 69 0 10 11 9 13 15 16 17 47 14 12 
0 80 92 94 93 71 72 54 96 81 0 10 11 9 13 15 16 17 47 14 12 0 90 52 86 74 87 59 97 75 58 77 57 83 0 22 20 49 19 18 48 21 23 25 24 0 91 56 84 85 63 89 76 51 64 66 0 67 34 31 29 27 26 28 30 32 33 50 62 95 0 42 44 43 40 36 35 37 38 39 41 0 88 60 78 73 79 7 6 2 55 0 68 61 70 1 3 5 45 8 46 4 100 0 69 98 53 82 99 65 
0 90 65 0 66 83 64 51 76 89 63 85 84 56 91 0 88 8 46 4 45 5 3 1 70 61 68 0 57 77 58 75 97 59 87 74 86 52 99 82 0 22 20 49 19 18 48 21 23 25 24 0 80 92 94 96 93 71 72 54 81 0 67 34 31 29 27 26 28 30 32 33 50 62 95 0 42 44 43 40 36 35 37 38 39 41 0 98 53 60 78 73 79 7 6 2 100 55 0 69 0 10 11 9 13 15 16 17 47 14 12 
0 57 77 58 75 97 59 87 74 86 52 99 82 0 22 20 49 19 18 48 21 23 25 24 0 56 51 76 89 63 85 84 91 0 66 64 83 65 90 0 80 92 0 67 50 34 31 29 27 26 28 30 32 33 62 95 0 81 54 38 36 35 37 72 71 93 94 96 0 61 41 39 40 43 44 42 70 68 0 2 6 7 8 46 4 45 5 3 1 100 0 55 88 60 79 73 78 53 98 69 0 10 11 9 13 15 16 17 47 14 12 
0 69 0 52 86 74 77 58 75 97 59 87 82 0 66 49 19 18 48 21 23 25 57 99 90 0 81 54 72 71 93 96 94 92 80 0 56 84 51 76 89 63 85 95 91 0 67 34 31 29 27 26 28 30 32 33 50 62 0 42 44 43 40 36 35 37 38 39 41 0 64 20 22 24 83 65 0 88 6 8 46 4 45 5 3 1 55 0 98 53 60 78 73 79 7 2 100 70 61 68 0 10 11 9 13 15 16 17 47 14 12 
0 57 77 58 75 97 59 87 74 86 52 99 82 0 65 83 64 66 0 22 20 49 19 18 48 21 23 25 24 0 56 84 51 76 89 63 85 50 71 93 94 0 67 34 31 29 27 26 28 30 32 33 62 95 91 0 80 92 0 96 54 72 38 37 35 36 40 43 0 68 61 42 44 39 41 81 0 70 1 3 5 45 4 46 8 7 88 0 90 69 98 53 60 78 73 79 6 2 100 55 0 10 11 9 13 15 16 17 47 14 12 
0 65 99 82 69 0 80 92 0 33 32 30 28 26 27 29 31 34 71 72 54 81 0 61 1 3 5 45 4 46 8 7 6 2 0 22 24 25 23 21 48 18 19 49 20 0 66 64 51 76 89 63 85 84 56 0 90 52 86 74 87 59 97 75 58 77 57 83 0 91 95 62 50 67 94 93 96 0 42 44 43 40 36 35 37 38 39 41 0 68 70 100 55 88 60 79 73 78 53 98 0 10 11 9 13 15 16 17 47 14 12 
0 66 64 51 76 89 63 85 84 56 0 65 99 82 0 95 62 67 94 93 71 96 0 34 31 29 27 26 28 30 32 33 50 91 0 81 54 72 38 37 35 36 40 39 41 0 80 92 0 90 52 86 74 87 59 97 75 58 77 57 83 0 2 6 7 8 46 4 45 5 3 1 100 0 61 42 44 43 70 68 0 69 98 53 78 73 79 60 88 55 0 20 49 19 18 48 21 23 25 24 22 0 10 11 9 13 15 16 17 47 14 12 
0 90 82 52 86 74 87 59 97 75 58 77 57 0 22 20 49 19 18 48 21 23 25 24 0 65 69 0 67 34 31 29 27 26 28 30 32 33 50 62 95 0 66 83 64 51 76 89 63 85 84 56 91 0 80 92 94 96 93 71 72 41 54 81 0 98 53 12 78 73 79 7 6 2 100 55 0 39 38 37 35 36 40 43 44 42 61 0 68 70 4 1 3 5 45 46 8 60 88 0 10 11 14 47 17 16 15 13 9 99 
