0 87 59 97 75 58 77 74 86 0 34 31 29 27 26 28 30 32 33 50 80 0 9 13 16 15 11 10 0 92 95 62 67 94 0 78 73 79 60 88 55 0 65 83 57 52 99 82 90 0 24 25 23 21 48 18 19 49 20 22 0 66 64 51 76 89 63 85 84 56 91 0 68 70 61 81 54 72 71 93 96 0 42 44 43 40 36 35 37 38 39 41 0 12 14 47 17 53 98 69 0 100 2 4 1 3 5 45 46 8 7 6 
0 81 54 72 71 93 96 0 55 88 98 69 0 90 82 99 52 57 83 65 0 87 59 97 75 58 77 74 86 0 24 25 23 21 48 18 19 49 20 22 0 51 76 89 63 85 84 91 0 66 64 56 95 62 67 94 92 0 34 31 29 27 26 28 30 32 33 50 80 0 42 44 43 40 36 35 37 38 39 41 0 2 6 7 8 46 4 45 5 3 1 100 0 53 60 78 73 79 70 61 68 0 10 11 9 13 15 16 17 47 14 12 
0 90 99 87 59 74 86 52 0 65 83 64 95 92 80 0 91 84 85 63 89 76 51 56 0 24 25 23 21 48 18 19 49 20 22 0 67 34 31 29 27 26 28 30 32 33 50 62 0 61 81 54 72 71 93 94 96 0 42 44 43 40 36 35 37 38 39 41 0 69 88 60 78 73 79 7 6 55 0 9 13 97 75 58 77 57 66 0 100 2 8 46 4 45 5 3 1 70 68 0 98 53 12 14 47 17 16 15 11 10 82 
0 88 60 78 73 79 7 6 55 0 90 82 53 98 69 0 83 57 52 99 65 0 87 59 97 75 58 77 74 86 0 24 25 23 21 48 18 19 49 20 22 0 66 64 51 76 89 63 85 84 56 0 91 95 62 67 92 0 34 31 29 27 26 28 30 32 33 50 80 0 81 96 94 93 71 72 54 61 0 42 44 43 40 36 35 37 38 39 41 0 68 70 1 3 5 45 4 46 8 2 100 0 10 11 9 13 15 16 17 47 14 12 
0 83 57 52 65 0 97 75 58 77 25 24 66 0 51 76 89 63 85 84 56 0 34 31 29 27 26 28 30 32 33 50 91 0 90 99 86 74 59 87 13 9 0 96 93 71 72 54 81 0 12 14 47 17 16 15 11 10 82 0 80 92 95 62 67 94 0 64 20 49 19 18 48 21 23 22 0 42 44 43 40 36 35 37 38 39 41 0 69 55 70 61 68 0 100 1 3 5 45 4 46 8 7 6 2 0 98 53 78 73 79 60 88 
0 24 25 23 21 48 18 19 49 20 22 0 77 58 75 97 13 9 0 51 76 89 63 85 84 56 0 34 31 29 27 26 28 30 32 33 50 91 0 66 64 83 65 0 99 52 87 59 74 86 57 0 42 44 43 40 36 35 37 38 39 41 0 93 71 72 54 81 61 0 96 94 67 62 95 92 80 0 69 88 60 78 73 79 7 6 55 0 68 70 1 3 5 45 4 46 8 2 100 0 90 82 10 11 15 16 17 47 14 12 53 98 
0 57 77 58 75 97 59 87 74 86 0 24 25 23 21 48 18 19 49 20 22 0 66 64 51 76 89 63 85 84 56 0 65 83 52 99 82 90 0 69 98 88 0 92 67 62 95 91 0 34 31 29 27 26 28 30 32 33 50 80 0 61 81 54 72 71 93 94 96 0 42 44 43 40 36 35 37 38 39 41 0 100 2 8 46 4 45 5 3 1 70 68 0 53 60 78 73 79 7 6 55 0 10 11 9 13 15 16 17 47 14 12 
0 70 1 3 5 45 4 46 8 2 100 55 0 53 60 78 73 79 7 6 88 0 24 25 23 21 48 18 19 49 20 22 0 66 64 51 76 89 63 85 84 56 0 62 50 33 32 30 28 26 27 29 31 34 67 0 42 44 43 40 36 35 37 38 39 41 0 69 98 82 99 52 57 83 65 90 0 87 59 97 75 58 77 74 86 0 91 95 92 80 0 68 61 81 54 72 71 93 94 96 0 10 11 9 13 15 16 17 47 14 12 
0 57 77 58 75 97 59 87 74 86 0 24 25 23 21 48 18 19 49 20 22 0 66 64 51 76 89 63 85 84 56 0 34 31 29 27 26 28 30 32 33 50 91 0 61 42 44 43 40 36 35 37 38 39 0 94 67 62 95 92 80 0 100 2 8 46 4 45 5 3 1 70 68 0 88 98 69 0 10 11 9 13 15 16 17 47 14 12 0 53 60 78 73 79 7 6 55 0 81 54 41 72 71 93 96 0 65 83 52 99 82 90 
0 90 82 99 52 65 0 57 77 58 75 97 59 87 74 86 0 67 34 31 29 27 26 28 30 32 33 50 62 0 42 44 43 40 36 35 37 38 39 41 0 51 76 89 63 85 84 91 0 24 25 23 21 48 18 19 49 20 22 0 66 83 64 56 95 92 80 0 81 54 72 71 93 94 96 0 69 55 70 61 68 0 2 6 7 8 46 4 45 5 3 1 100 0 98 53 78 73 79 60 88 0 10 11 9 13 15 16 17 47 14 12 
0 64 22 57 52 99 90 0 87 59 97 75 58 77 74 86 0 83 24 25 23 21 48 18 19 49 20 66 0 94 67 62 95 92 0 34 31 29 27 26 28 30 32 33 50 80 0 91 84 85 63 89 76 51 56 0 96 93 71 72 54 81 0 42 44 43 40 36 35 37 38 39 41 0 68 61 70 1 3 5 45 4 2 100 0 53 60 78 73 79 7 8 46 6 55 0 65 82 98 88 69 0 10 11 9 13 15 16 17 47 14 12 
0 94 93 71 72 54 96 81 0 74 77 58 75 97 59 87 0 62 33 32 30 28 26 27 29 31 34 50 67 0 83 57 86 52 99 90 0 65 82 53 98 69 0 24 25 23 21 48 18 19 49 20 22 0 66 64 51 76 89 63 85 84 56 0 91 95 92 80 0 42 44 43 40 36 35 37 38 39 41 0 88 60 78 73 79 7 6 2 100 0 68 61 70 1 3 5 45 4 46 8 55 0 10 11 9 13 15 16 17 47 14 12 
0 94 67 62 95 92 80 0 9 13 97 75 58 77 0 24 25 23 21 48 18 19 49 20 22 0 90 99 52 87 59 74 86 57 83 65 0 66 64 51 76 89 63 85 84 56 0 34 31 29 27 26 28 30 32 33 50 91 0 61 81 54 72 71 93 96 0 69 88 60 78 73 79 7 6 55 0 42 44 43 40 36 35 37 38 39 41 0 68 70 1 3 5 45 4 46 8 2 100 0 82 10 11 15 16 17 47 14 12 53 98 
0 88 98 69 0 65 83 57 52 99 82 90 0 24 25 23 21 48 18 19 49 20 22 0 66 64 51 76 89 63 85 84 56 91 0 96 71 93 94 67 62 95 92 0 34 31 29 27 26 28 30 32 33 50 80 0 54 72 39 42 61 0 87 59 97 75 58 77 74 86 0 81 41 38 37 35 36 40 43 44 0 53 60 78 73 79 7 6 55 0 68 70 1 3 5 45 4 46 8 2 100 0 10 11 9 13 15 16 17 47 14 12 
0 94 93 71 67 95 92 80 0 98 53 78 73 79 60 88 55 0 87 59 97 75 58 77 74 86 0 24 25 23 21 48 18 19 49 20 22 0 69 82 99 52 57 83 65 0 34 31 29 27 26 28 30 32 33 50 62 91 0 66 64 51 76 89 63 85 84 56 0 96 54 72 38 39 44 42 61 0 81 41 37 35 36 40 43 70 68 0 2 6 7 8 46 4 45 5 3 1 100 0 90 0 10 11 9 13 15 16 17 47 14 12 
0 83 57 52 99 0 87 59 97 75 58 77 74 86 0 24 25 23 21 48 18 19 49 20 22 0 66 64 51 76 89 63 85 84 56 0 94 67 62 95 92 80 0 34 31 29 27 26 28 30 32 33 50 91 0 42 44 43 40 36 35 37 38 39 41 0 55 8 46 4 45 5 3 1 70 61 68 0 96 93 71 72 54 81 0 88 60 78 73 79 7 6 2 100 0 90 65 82 53 98 69 0 10 11 9 13 15 16 17 47 14 12 
0 53 60 78 73 79 7 6 55 0 88 98 69 0 57 77 58 75 97 59 87 74 86 0 24 25 23 21 48 18 19 49 20 22 0 66 64 51 76 89 63 85 84 56 0 94 67 62 95 92 80 0 34 31 29 27 26 28 30 32 33 50 91 0 61 81 54 72 71 93 96 0 42 44 43 40 36 35 37 38 39 41 0 68 70 1 3 5 45 4 46 8 2 100 0 90 82 99 52 83 65 0 10 11 9 13 15 16 17 47 14 12 
0 93 71 72 54 81 61 0 99 52 86 74 57 83 0 22 23 21 48 18 19 49 20 64 0 66 24 25 77 58 75 97 59 87 0 51 76 89 63 85 84 56 0 68 70 1 3 5 45 4 46 8 2 100 0 34 31 29 27 26 28 30 32 33 50 91 0 96 94 67 62 95 92 80 0 42 44 43 40 36 35 37 38 39 41 0 88 60 78 73 79 7 6 55 0 90 65 82 53 98 69 0 10 11 9 13 15 16 17 47 14 12 
0 24 25 23 21 48 18 19 49 20 22 0 84 85 63 89 76 51 64 66 0 67 34 31 29 27 26 28 30 32 33 50 62 0 42 44 43 40 36 35 37 38 39 41 0 91 56 95 92 80 0 65 83 57 52 99 82 90 0 87 59 97 75 58 77 74 86 0 2 6 7 8 46 4 45 5 3 1 100 0 68 70 61 81 54 72 71 93 94 96 0 69 98 53 78 73 79 60 88 55 0 10 11 9 13 15 16 17 47 14 12 
0 82 10 11 53 98 69 0 90 99 52 83 65 0 57 77 58 75 97 59 87 74 86 0 24 25 23 21 48 18 19 49 20 22 0 66 64 51 76 89 63 85 84 56 0 42 44 43 40 36 35 37 38 39 41 0 91 95 62 67 92 0 34 31 29 27 26 28 30 32 33 50 80 0 61 81 54 72 71 93 94 96 0 88 60 78 73 79 7 6 55 0 12 14 47 17 16 15 13 9 0 68 70 1 3 5 45 4 46 8 2 100 
