0 96 93 71 72 54 81 61 0 34 31 29 27 26 28 30 32 33 50 91 0 97 75 58 77 25 57 0 83 24 23 21 48 18 19 49 20 22 0 66 64 51 76 89 63 85 84 56 0 94 67 62 95 92 80 0 42 44 43 40 36 35 37 38 39 41 0 100 2 8 46 4 45 5 3 1 70 68 0 65 99 52 86 74 59 87 9 10 82 90 0 88 60 78 73 79 7 6 55 0 11 13 15 16 17 47 14 12 53 98 69 
0 81 54 72 71 93 96 0 52 86 74 77 58 75 97 59 87 82 0 66 64 51 76 89 63 85 84 56 0 20 49 19 18 48 21 23 25 24 22 0 83 57 99 65 90 0 6 7 8 46 45 5 3 1 4 2 0 94 67 62 92 80 0 50 34 31 29 27 26 28 30 32 33 95 91 0 42 44 43 40 36 35 37 38 39 41 0 68 61 70 100 55 69 0 88 60 79 73 78 53 98 0 10 11 9 13 15 16 17 47 14 12 
0 57 77 25 23 21 48 18 19 49 20 0 99 52 86 74 58 75 97 59 87 82 0 66 64 22 24 83 65 90 0 51 76 89 63 85 84 56 0 34 31 29 27 26 28 30 32 33 50 91 0 61 81 54 72 71 93 96 0 94 67 62 95 92 80 0 42 44 43 40 36 35 37 38 39 41 0 100 2 6 7 79 73 78 60 53 98 69 0 68 70 1 3 5 45 4 46 8 88 55 0 10 11 9 13 15 16 17 47 14 12 
0 61 81 54 72 71 93 96 0 69 65 90 0 57 77 58 75 97 59 87 74 86 52 99 82 0 22 20 49 19 18 48 21 23 25 24 0 84 85 63 89 76 51 0 50 34 31 29 27 26 28 30 32 33 95 91 0 66 83 64 56 62 67 94 92 80 0 42 44 43 40 36 35 37 38 39 41 0 68 100 2 6 79 73 78 60 53 98 0 55 88 7 8 46 4 45 5 3 1 70 0 10 11 9 13 15 16 17 47 14 12 
0 93 71 72 37 35 36 54 81 0 51 76 89 63 85 84 56 0 67 34 31 29 27 26 28 30 32 33 50 62 95 0 22 23 21 48 18 19 49 20 64 0 96 94 92 91 80 0 70 1 3 5 45 4 6 88 69 0 24 25 77 58 75 97 59 87 0 10 11 9 13 15 16 17 47 14 12 0 41 39 38 40 43 44 42 61 68 0 98 53 60 78 73 79 7 8 46 2 100 55 0 65 66 83 57 74 86 52 99 82 90 
0 66 83 24 22 20 89 76 51 0 94 93 71 72 54 96 81 0 64 49 19 18 48 21 23 25 57 99 0 80 92 67 62 63 85 84 56 0 50 34 31 29 27 26 28 30 32 33 95 91 0 42 44 43 40 36 35 37 38 39 41 0 90 65 0 69 88 60 78 73 79 7 6 2 100 0 10 87 59 97 75 58 77 74 86 52 0 68 61 70 1 3 5 45 4 46 8 55 0 82 11 9 13 15 16 17 47 14 12 53 98 
0 61 81 54 72 71 93 96 0 83 57 74 77 58 75 97 59 87 86 52 0 22 20 49 19 18 48 21 23 25 24 0 66 64 51 76 89 63 85 84 56 0 88 60 78 73 79 7 6 55 0 94 67 62 92 80 0 50 34 31 29 27 26 28 30 32 33 95 91 0 42 44 43 40 36 35 37 38 39 41 0 69 98 53 82 99 65 90 0 100 2 8 46 4 45 5 3 1 70 68 0 10 11 9 13 15 16 17 47 14 12 
0 51 76 89 63 85 84 56 0 61 81 54 72 71 93 96 0 20 49 19 18 48 21 23 25 24 22 0 66 64 83 57 99 65 0 94 67 62 92 80 0 91 95 33 32 30 28 26 27 29 31 34 50 0 52 86 74 77 58 75 97 59 87 9 82 0 42 44 43 40 36 35 37 38 39 41 0 100 2 8 46 4 45 5 3 1 70 68 0 69 88 60 78 73 79 7 6 55 0 90 10 11 13 15 16 17 47 14 12 53 98 
0 90 65 0 96 94 93 71 72 54 81 61 0 57 77 58 75 97 59 87 74 86 52 99 82 0 22 20 49 19 18 48 21 23 25 24 0 66 83 64 51 76 89 63 85 84 56 0 80 92 91 0 67 34 31 29 27 26 28 30 32 33 50 62 95 0 42 44 43 40 36 35 37 38 39 41 0 68 70 1 3 5 45 4 46 8 60 88 0 69 98 53 78 73 79 7 6 2 100 55 0 10 11 9 13 15 16 17 47 14 12 
0 83 57 77 58 75 97 59 87 74 86 0 22 20 49 19 18 48 21 23 25 24 0 66 64 51 76 89 63 85 84 56 0 65 52 99 82 69 0 34 31 29 27 26 28 30 32 33 50 80 0 92 67 62 95 91 0 68 70 61 81 96 54 72 71 93 94 0 42 44 43 40 36 35 37 38 39 41 0 2 6 7 8 46 4 45 5 3 1 100 0 90 98 53 78 73 79 60 88 55 0 10 11 9 13 15 16 17 47 14 12 
0 57 77 58 75 97 59 87 74 86 52 99 82 0 22 20 49 19 18 48 21 23 25 24 0 66 83 64 51 76 89 63 85 84 56 0 90 65 0 91 95 62 50 67 92 80 0 33 32 30 28 26 27 29 31 34 94 0 61 81 54 72 71 93 96 0 42 44 43 40 36 35 37 38 39 41 0 100 2 8 46 4 45 5 3 1 70 68 0 69 98 53 88 60 78 73 79 7 6 55 0 10 11 9 13 15 16 17 47 14 12 
0 65 90 0 57 77 58 75 97 59 87 74 86 52 99 82 0 22 20 49 19 18 48 21 23 25 24 0 66 83 64 51 76 89 63 85 84 56 0 94 67 62 92 80 0 34 31 29 27 26 28 30 32 33 50 95 91 0 81 54 41 72 71 93 96 0 39 38 37 35 36 40 43 44 42 61 0 69 98 53 60 78 73 79 7 6 88 55 0 100 2 8 46 4 45 5 3 1 70 68 0 10 11 9 13 15 16 17 47 14 12 
0 59 97 75 58 77 57 83 0 88 60 78 73 79 7 6 55 0 61 54 72 71 93 96 81 0 42 44 43 40 36 35 37 38 39 41 0 68 70 1 3 5 45 4 46 8 2 100 0 22 24 25 23 21 48 18 19 49 20 0 69 65 0 67 34 31 29 27 26 28 30 32 33 50 62 95 0 82 9 13 87 74 86 52 99 90 0 91 92 94 80 0 66 64 51 76 89 63 85 84 56 0 98 53 12 14 47 17 16 15 11 10 
0 64 51 76 89 63 85 84 56 0 42 44 43 40 36 35 37 38 39 41 0 57 77 58 75 97 59 87 74 86 52 99 82 0 22 20 49 19 18 48 21 23 25 24 0 66 83 65 90 0 91 50 33 32 30 28 26 27 29 31 34 0 94 67 62 95 92 80 0 96 93 71 72 54 81 0 69 0 98 53 88 60 78 73 79 7 6 100 68 0 61 70 1 3 5 45 4 46 8 2 55 0 10 11 9 13 15 16 17 47 14 12 
0 22 23 21 48 18 19 49 20 64 0 98 53 78 73 79 60 88 55 0 52 86 74 87 59 97 75 58 77 25 24 66 0 51 76 89 63 85 84 56 0 94 93 71 67 62 92 80 0 96 54 72 35 36 37 38 39 41 81 0 50 34 31 29 27 26 28 30 32 33 95 91 0 61 42 44 40 43 70 68 0 2 6 7 8 46 4 45 5 3 1 100 0 69 82 99 57 83 65 90 0 10 11 9 13 15 16 17 47 14 12 
0 96 71 72 54 81 61 0 22 20 49 19 18 48 21 23 25 24 0 66 64 51 76 89 63 85 84 56 0 91 50 33 32 30 28 26 27 29 31 34 93 0 94 67 62 95 92 80 0 42 44 43 40 36 35 37 38 39 41 0 68 70 1 3 5 45 4 46 8 2 100 0 83 57 77 58 75 97 59 87 74 86 52 0 88 60 78 73 79 7 6 55 0 65 99 10 11 53 98 69 0 90 82 9 13 15 16 17 47 14 12 
0 57 77 58 75 97 59 87 74 86 52 99 82 0 22 20 49 19 18 48 21 23 25 24 0 65 90 0 66 83 64 51 76 89 63 85 84 56 0 50 34 31 29 27 26 28 30 32 33 95 91 0 94 67 62 92 80 0 54 41 72 71 93 96 0 61 42 44 43 40 36 35 37 38 39 81 0 100 2 8 46 4 45 5 3 1 70 68 0 69 98 53 60 78 73 79 7 6 88 55 0 10 11 9 13 15 16 17 47 14 12 
0 34 31 29 27 26 28 30 32 33 50 80 0 100 2 6 8 46 4 45 5 3 1 70 0 52 86 74 77 58 75 97 59 87 82 0 90 65 99 57 83 64 66 0 22 24 25 23 21 48 18 19 49 20 0 56 51 76 89 63 85 84 91 0 92 95 62 67 94 0 42 44 43 40 36 35 37 38 39 41 0 68 61 81 54 72 71 93 96 0 69 98 53 78 73 79 7 60 88 55 0 10 11 9 13 15 16 17 47 14 12 
0 22 20 49 19 18 48 21 23 25 24 0 66 64 51 76 89 63 85 84 56 0 50 34 31 29 27 26 28 30 32 33 95 91 0 94 93 71 67 62 92 80 0 70 1 3 5 45 4 46 8 88 0 96 54 72 38 37 35 36 40 43 0 52 86 87 59 97 75 58 77 74 57 83 0 69 82 99 65 90 0 68 61 42 44 39 41 81 0 98 53 60 78 73 79 7 6 2 100 55 0 10 11 9 13 15 16 17 47 14 12 
0 87 59 97 75 58 77 83 0 24 25 23 21 48 18 19 49 20 22 0 57 74 86 52 99 82 69 0 66 64 51 76 89 63 85 84 56 0 91 92 80 0 42 44 43 40 36 35 37 38 39 41 0 98 53 88 60 78 73 79 7 6 55 0 67 50 34 31 29 27 26 28 30 32 33 62 95 0 70 1 3 5 45 4 46 8 2 100 0 68 61 81 54 72 71 93 94 96 0 65 90 0 10 11 9 13 15 16 17 47 14 12 
