0 34 31 29 27 26 28 30 32 33 50 80 0 59 97 75 58 77 57 83 0 10 11 13 15 16 17 47 14 12 53 98 0 91 95 62 67 92 0 90 99 52 86 74 87 9 82 0 42 44 43 40 36 35 37 38 39 41 0 22 24 25 23 21 48 18 19 49 20 0 66 64 51 76 89 63 85 84 56 0 96 94 93 71 72 54 81 0 8 46 4 45 5 3 1 70 61 68 0 88 60 78 73 79 7 6 2 100 55 0 65 69 
0 96 93 71 72 54 81 0 98 53 78 73 79 60 88 0 83 57 77 58 75 97 59 87 74 86 52 0 22 20 49 19 18 48 21 23 25 24 0 66 64 51 76 89 63 85 84 56 0 33 32 30 28 26 27 29 31 34 94 0 91 95 62 50 67 92 80 0 42 44 43 40 36 35 37 38 39 41 0 68 61 70 55 69 0 65 99 82 90 0 100 2 4 1 3 5 45 46 8 7 6 0 10 11 9 13 15 16 17 47 14 12 
0 96 93 71 72 54 81 0 42 44 43 40 36 35 37 38 39 41 0 52 87 59 97 75 58 77 74 86 57 83 0 22 20 49 19 18 48 21 23 25 24 0 66 64 51 76 89 63 85 84 56 0 50 34 31 29 27 26 28 30 32 33 95 91 0 61 70 1 3 5 45 4 46 8 2 55 0 94 67 62 92 80 0 88 60 78 73 79 7 6 100 68 0 69 98 53 82 99 65 90 0 10 11 9 13 15 16 17 47 14 12 
0 99 82 69 0 83 57 77 58 75 97 59 87 74 86 52 0 22 20 49 19 18 48 21 23 25 24 0 66 64 51 76 89 63 85 84 56 0 91 92 80 0 67 34 31 29 27 26 28 30 32 33 50 62 95 0 81 54 41 37 35 36 40 43 44 42 61 0 96 94 93 71 72 38 39 70 68 0 2 6 7 8 46 4 45 5 3 1 100 0 90 65 0 98 53 78 73 79 60 88 55 0 10 11 9 13 15 16 17 47 14 12 
0 87 59 97 75 58 77 74 86 0 42 44 43 40 36 35 37 38 39 41 0 51 76 89 63 85 84 56 0 66 64 83 57 52 99 82 69 0 94 67 62 92 80 0 68 70 1 3 5 45 4 46 8 88 0 24 25 23 21 48 18 19 49 20 22 0 61 81 54 72 71 93 96 0 91 95 50 33 32 30 28 26 27 29 31 34 0 98 53 60 78 73 79 7 6 2 100 55 0 90 65 0 10 11 9 13 15 16 17 47 14 12 
0 57 77 25 23 21 48 18 19 49 20 64 0 99 52 86 74 58 75 97 59 87 82 0 85 63 89 76 51 22 24 83 66 0 56 84 62 67 92 80 0 90 65 0 50 34 31 29 27 26 28 30 32 33 95 91 0 42 44 43 40 36 35 37 38 39 41 0 68 70 61 81 54 72 71 93 94 96 0 2 6 7 8 46 4 45 5 3 1 100 0 55 88 60 79 73 78 53 98 69 0 10 11 9 13 15 16 17 47 14 12 
0 93 71 72 37 35 36 40 43 70 68 0 55 88 60 79 73 78 53 98 0 57 74 77 58 75 97 59 87 86 52 0 22 20 49 19 18 48 21 23 25 24 0 66 64 51 76 89 63 85 84 56 0 50 34 31 29 27 26 28 30 32 33 95 91 0 54 41 38 39 44 42 61 0 81 96 94 67 62 92 80 0 2 6 7 8 46 4 45 5 3 1 100 0 90 65 83 99 82 69 0 10 11 9 13 15 16 17 47 14 12 
0 82 9 87 74 86 52 99 90 0 59 97 75 58 77 57 83 0 22 20 49 19 18 48 21 23 25 24 0 94 67 62 92 80 0 66 64 51 76 89 63 85 84 56 0 81 54 96 93 71 72 61 0 65 0 50 34 31 29 27 26 28 30 32 33 95 91 0 42 44 43 40 36 35 37 38 39 41 0 100 2 8 46 4 45 5 3 1 70 68 0 69 88 60 78 73 79 7 6 55 0 10 11 13 15 16 17 47 14 12 53 98 
0 74 59 97 75 58 77 57 0 22 20 49 19 18 48 21 23 25 24 0 51 76 89 63 85 84 56 0 66 64 83 65 0 34 31 29 27 26 28 30 32 33 50 91 0 42 44 43 40 36 35 37 38 39 41 0 90 99 52 86 87 13 9 10 82 0 81 54 72 71 93 96 94 67 62 95 92 80 0 88 60 78 73 79 7 6 2 100 0 68 61 70 1 3 5 45 4 46 8 55 0 11 15 16 17 47 14 12 53 98 69 
0 87 59 97 75 58 77 25 24 66 0 22 23 21 48 18 19 49 20 64 0 65 83 57 74 86 52 99 82 90 0 34 31 29 27 26 28 30 32 33 50 62 95 0 41 39 38 37 35 36 40 43 44 42 0 61 81 94 67 93 71 72 54 96 0 56 51 76 89 63 85 84 91 0 80 92 0 88 60 8 46 4 45 5 3 1 70 68 0 69 98 53 78 73 79 7 6 2 100 55 0 10 11 9 13 15 16 17 47 14 12 
0 25 77 58 75 97 59 87 74 86 0 22 20 49 19 18 48 21 23 24 83 0 90 82 99 52 57 65 0 66 64 51 76 89 63 85 84 56 91 0 80 92 94 93 71 96 0 67 34 31 29 27 26 28 30 32 33 50 62 95 0 39 38 37 35 36 40 43 44 42 61 0 81 54 72 41 70 68 0 2 6 7 8 46 4 45 5 3 1 100 0 55 88 60 79 73 78 53 98 69 0 10 11 9 13 15 16 17 47 14 12 
0 57 77 58 75 97 59 87 74 86 52 0 56 51 76 89 63 85 84 91 0 67 34 31 29 27 26 28 30 32 33 50 62 95 0 24 25 23 21 48 18 19 49 20 22 0 96 71 93 94 92 80 0 61 42 44 39 38 41 0 65 66 64 83 99 82 90 0 81 54 72 37 35 36 40 43 70 68 0 2 6 7 8 46 4 45 5 3 1 100 0 55 88 60 79 73 78 53 98 69 0 10 11 9 13 15 16 17 47 14 12 
0 59 97 75 58 77 25 24 20 66 0 57 23 21 48 18 19 49 22 83 0 42 44 43 40 36 35 37 38 39 41 0 10 11 15 16 17 47 14 12 53 98 0 80 92 91 0 64 51 76 89 63 85 84 56 0 67 50 34 31 29 27 26 28 30 32 33 62 95 0 81 54 72 71 93 94 96 0 68 61 70 1 3 5 45 4 46 8 55 0 69 88 60 78 73 79 7 6 2 100 0 65 99 52 86 74 87 13 9 82 90 
0 59 97 75 58 77 57 83 0 22 20 49 19 18 48 21 23 25 24 0 66 64 51 76 89 63 85 84 56 0 91 95 62 67 92 0 34 31 29 27 26 28 30 32 33 50 80 0 41 39 38 37 35 36 40 43 44 42 0 96 94 93 71 72 54 81 0 90 82 87 74 86 52 99 65 0 61 70 68 0 2 6 7 8 46 4 45 5 3 1 100 0 55 88 60 79 73 78 53 98 69 0 10 11 9 13 15 16 17 47 14 12 
0 51 76 89 63 85 84 56 0 57 77 58 75 97 59 87 74 86 52 99 0 22 20 49 19 18 48 21 23 25 24 0 66 64 83 65 0 34 31 29 27 26 28 30 32 33 50 80 0 96 94 93 71 72 54 81 0 91 95 62 67 92 0 69 55 70 61 68 0 42 44 43 40 36 35 37 38 39 41 0 2 6 7 8 46 4 45 5 3 1 100 0 88 60 79 73 78 12 53 98 0 90 82 9 13 15 16 17 47 14 11 10 
0 83 77 58 75 97 59 87 0 22 20 49 19 18 48 21 23 25 24 0 66 64 51 76 89 63 85 84 56 0 34 31 29 27 26 28 30 32 33 50 91 0 65 57 74 86 52 99 82 90 0 94 67 62 95 92 80 0 42 44 43 40 36 35 37 38 39 41 0 68 70 61 54 72 71 93 96 81 0 2 6 7 8 46 4 45 5 3 1 100 0 55 88 60 79 73 78 53 98 69 0 10 11 9 13 15 16 17 47 14 12 
0 96 93 71 72 54 81 0 57 77 58 75 97 59 87 74 86 52 0 22 20 49 19 18 48 21 23 25 24 0 66 64 51 76 89 63 85 84 56 0 92 62 50 67 80 0 94 34 31 29 27 26 28 30 32 33 95 91 0 42 44 43 40 36 35 37 38 39 41 0 68 61 70 1 3 5 45 4 46 8 55 0 69 82 99 83 65 90 0 98 53 88 60 78 73 79 7 6 2 100 0 10 11 9 13 15 16 17 47 14 12 
0 96 94 93 71 72 54 81 0 65 99 82 90 0 66 64 51 76 89 63 85 84 56 0 68 61 70 55 69 0 52 86 74 87 59 97 75 58 77 57 83 0 22 20 49 19 18 48 21 23 25 24 0 80 92 91 0 67 34 31 29 27 26 28 30 32 33 50 62 95 0 42 44 43 40 36 35 37 38 39 41 0 100 1 3 5 45 4 46 8 7 6 2 0 98 53 78 73 79 60 88 0 10 11 9 13 15 16 17 47 14 12 
0 96 71 93 94 92 80 0 52 86 74 87 59 97 75 58 77 57 0 56 51 76 89 63 85 84 91 0 67 50 34 31 29 27 26 28 30 32 33 62 95 0 81 54 72 38 37 35 36 40 39 41 0 2 6 7 8 46 4 45 5 3 1 100 0 22 20 49 19 18 48 21 23 25 24 0 68 70 43 44 42 61 0 65 66 64 83 99 82 90 0 55 88 60 79 73 78 53 98 69 0 10 11 9 13 15 16 17 47 14 12 
0 55 88 60 79 73 78 53 98 69 0 64 22 24 83 65 0 10 11 9 13 15 16 17 47 14 12 0 90 99 52 86 74 58 75 97 59 87 82 0 57 77 25 23 21 48 18 19 49 20 66 0 56 51 76 89 63 85 84 91 0 80 92 94 93 71 96 0 67 34 31 29 27 26 28 30 32 33 50 62 95 0 41 39 38 36 35 37 72 54 81 0 2 6 7 8 46 4 45 5 3 1 100 0 61 42 40 43 44 70 68 
