0 57 77 58 75 97 59 87 74 86 0 12 14 47 17 16 15 13 9 11 10 0 83 52 99 82 53 98 69 0 22 20 49 19 18 48 21 23 25 24 0 91 56 84 85 63 89 76 51 64 66 0 80 92 95 94 93 71 96 0 67 34 31 29 27 26 28 30 32 33 50 62 0 81 54 72 61 0 42 44 43 40 36 35 37 38 39 41 0 88 60 78 73 79 7 6 55 0 68 70 1 3 5 45 4 46 8 2 100 0 65 90 
0 98 53 78 73 79 60 88 0 87 59 97 75 58 77 74 86 0 92 67 62 95 91 0 90 82 99 52 57 83 65 0 24 25 23 21 48 18 19 49 20 22 0 66 64 51 76 89 63 85 84 56 0 34 31 29 27 26 28 30 32 33 50 80 0 81 54 72 71 93 94 96 0 42 44 43 40 36 35 37 38 39 41 0 69 55 70 61 68 0 100 1 3 5 45 4 46 8 7 6 2 0 10 11 9 13 15 16 17 47 14 12 
0 42 44 43 40 36 35 37 38 39 41 0 74 77 58 75 97 59 87 9 0 34 31 29 27 26 28 30 32 33 50 80 0 65 83 57 86 52 99 82 0 66 64 51 76 89 63 85 84 56 91 0 22 24 25 23 21 48 18 19 49 20 0 92 95 62 67 94 0 96 93 71 72 54 81 0 55 8 46 4 45 5 3 1 70 61 68 0 69 88 60 78 73 79 7 6 2 100 0 90 10 11 13 15 16 17 47 14 12 53 98 
0 88 60 78 73 79 7 8 46 6 55 0 87 59 97 75 58 77 74 86 0 22 20 49 19 18 48 21 23 25 24 0 64 51 76 89 63 85 84 56 0 91 95 62 67 92 0 80 50 33 32 30 28 26 27 29 31 34 0 96 94 93 71 72 54 81 0 42 44 43 40 36 35 37 38 39 41 0 68 61 70 1 3 5 45 4 2 100 0 90 65 66 83 57 52 99 82 53 98 69 0 10 11 9 13 15 16 17 47 14 12 
0 69 98 82 99 52 83 65 0 22 20 49 19 18 48 21 23 25 24 0 57 86 74 77 58 75 97 59 87 0 66 64 51 76 89 63 85 84 56 91 0 1 3 5 45 4 46 8 7 6 2 0 67 34 31 29 27 26 28 30 32 33 50 62 95 0 96 54 41 72 71 93 94 92 80 0 61 42 44 43 40 36 35 37 38 39 81 0 90 55 88 53 78 73 79 60 100 70 68 0 10 11 9 13 15 16 17 47 14 12 
0 52 86 77 25 23 21 48 18 19 49 20 0 83 24 22 89 76 51 64 66 0 91 95 84 85 63 62 67 92 80 0 50 34 31 29 27 26 28 30 32 33 56 0 96 94 93 71 72 54 81 61 0 99 87 59 97 75 58 74 57 0 90 65 82 98 69 0 42 44 43 40 36 35 37 38 39 41 0 53 60 78 73 79 7 8 46 6 100 55 0 68 70 1 3 5 45 4 2 88 0 10 11 9 13 15 16 17 47 14 12 
0 57 77 58 75 97 59 87 74 86 0 22 20 49 19 18 48 21 23 25 24 0 66 64 51 76 89 63 85 84 56 91 0 34 31 29 27 26 28 30 32 33 50 80 0 94 67 62 95 92 0 42 44 43 40 36 35 37 38 39 41 0 96 93 71 72 54 81 0 69 98 53 82 99 52 83 65 90 0 88 60 78 73 79 7 6 2 100 0 68 61 70 1 3 5 45 4 46 8 55 0 10 11 9 13 15 16 17 47 14 12 
0 2 6 7 8 46 4 45 5 3 1 100 0 56 51 76 89 63 85 84 91 0 57 77 25 23 21 48 18 19 49 20 66 0 52 86 74 58 75 97 59 87 99 0 81 54 72 71 93 96 0 94 67 62 95 92 0 64 22 24 83 65 0 34 31 29 27 26 28 30 32 33 50 80 0 42 44 43 40 36 35 37 38 39 41 0 61 70 68 0 55 88 60 79 73 78 11 10 0 90 82 9 13 15 16 17 47 14 12 53 98 69 
0 68 61 81 54 72 71 93 96 0 87 59 97 75 58 77 74 86 0 22 20 49 19 18 48 21 23 25 24 0 65 83 57 52 99 82 69 0 66 64 51 76 89 63 85 84 56 91 0 92 95 62 67 94 0 34 31 29 27 26 28 30 32 33 50 80 0 90 98 53 60 78 73 79 7 88 55 0 42 44 43 40 36 35 37 38 39 41 0 100 2 6 8 46 4 45 5 3 1 70 0 10 11 9 13 15 16 17 47 14 12 
0 96 71 93 94 95 92 80 0 42 44 40 43 70 68 0 87 59 97 75 58 77 74 86 0 20 49 19 18 48 21 23 25 24 22 0 66 64 51 76 89 63 85 84 56 91 0 67 34 31 29 27 26 28 30 32 33 50 62 0 81 54 72 35 36 37 38 39 41 61 0 69 98 53 78 73 79 60 88 55 0 2 6 7 8 46 4 45 5 3 1 100 0 90 82 99 52 57 83 65 0 10 11 9 13 15 16 17 47 14 12 
0 56 51 76 89 18 48 19 49 20 66 0 90 52 86 74 77 25 23 21 22 24 83 0 99 87 59 97 75 58 57 0 64 84 85 63 62 95 91 0 67 34 31 29 27 26 28 30 32 33 50 0 80 92 94 93 71 72 54 96 81 0 42 44 43 40 36 35 37 38 39 41 0 65 82 53 98 69 0 61 70 1 3 5 45 4 46 8 2 55 0 88 60 78 73 79 7 6 100 68 0 10 11 9 13 15 16 17 47 14 12 
0 68 61 81 54 72 71 93 96 0 87 59 97 75 58 77 74 86 0 22 20 49 19 18 48 21 23 25 24 0 66 64 51 76 89 63 85 84 56 91 0 65 83 57 52 99 82 90 0 34 31 29 27 26 28 30 32 33 50 80 0 94 67 62 95 92 0 42 44 43 40 36 35 37 38 39 41 0 69 98 53 60 78 73 79 7 6 88 0 70 1 3 5 45 4 46 8 2 100 55 0 10 11 9 13 15 16 17 47 14 12 
0 9 13 97 75 58 77 0 34 31 29 27 26 28 30 32 33 50 80 0 83 57 86 74 59 87 52 99 65 0 22 20 49 19 18 48 21 23 25 24 0 91 56 84 85 63 89 76 51 64 66 0 94 67 62 95 92 0 81 54 96 93 71 72 61 0 42 44 43 40 36 35 37 38 39 41 0 69 88 60 78 73 79 7 6 55 0 68 70 1 3 5 45 4 46 8 2 100 0 90 82 10 11 15 16 17 47 14 12 53 98 
0 92 67 62 95 91 0 88 60 78 73 79 7 6 55 0 57 77 58 75 97 59 87 74 86 0 22 20 49 19 18 48 21 23 25 24 0 66 64 51 76 89 63 85 84 56 0 68 70 1 3 5 45 4 46 8 2 100 0 80 50 33 32 30 28 26 27 29 31 34 0 42 44 43 40 36 35 37 38 39 41 0 69 98 53 82 99 52 83 65 90 0 61 81 54 72 71 93 94 96 0 10 11 9 13 15 16 17 47 14 12 
0 69 82 99 52 83 65 90 0 57 77 58 75 97 59 87 74 86 0 22 20 49 19 18 48 21 23 25 24 0 66 64 51 76 89 63 85 84 56 91 0 94 67 62 95 92 0 80 50 33 32 30 28 26 27 29 31 34 0 42 44 43 40 36 35 37 38 39 41 0 68 61 81 54 72 71 93 96 0 70 1 3 5 45 4 46 8 6 2 100 0 55 88 60 7 79 73 78 12 0 98 53 14 47 17 16 15 13 9 11 10 
0 96 93 71 72 54 81 61 0 53 60 78 73 79 7 6 88 55 0 87 59 97 75 58 77 74 86 0 22 20 49 19 18 48 21 23 25 24 0 33 32 30 28 26 27 29 31 34 94 0 91 95 62 50 67 92 80 0 66 64 51 76 89 63 85 84 56 0 42 44 43 40 36 35 37 38 39 41 0 69 98 82 99 52 57 83 65 90 0 68 70 1 3 5 45 4 46 8 2 100 0 10 11 9 13 15 16 17 47 14 12 
0 57 77 58 75 97 59 87 74 86 52 99 0 82 98 69 0 22 20 49 19 18 48 21 23 25 24 0 92 95 64 83 65 0 66 51 76 89 63 85 84 56 91 0 42 44 43 40 36 35 37 38 39 41 0 80 96 94 93 71 72 54 81 0 67 34 31 29 27 26 28 30 32 33 50 62 0 68 61 70 1 3 5 45 4 2 100 0 90 53 60 78 73 79 7 8 46 6 88 55 0 10 11 9 13 15 16 17 47 14 12 
0 69 55 70 61 68 0 96 94 93 71 72 54 81 0 6 7 8 46 45 5 3 1 4 2 100 0 57 77 58 75 97 59 87 74 86 52 99 0 22 20 49 19 18 48 21 23 25 24 0 66 51 76 89 63 85 84 91 0 67 34 31 29 27 26 28 30 32 33 50 62 0 42 44 43 40 36 35 37 38 39 41 0 11 78 73 79 60 88 0 80 92 95 56 64 83 65 90 0 82 10 9 13 15 16 17 47 14 12 53 98 
0 92 95 62 67 94 93 71 96 0 98 53 78 73 79 60 88 55 0 57 77 58 75 97 59 87 74 86 0 22 20 49 19 18 48 21 23 25 24 0 56 51 76 89 63 85 84 91 0 34 31 29 27 26 28 30 32 33 50 80 0 81 54 72 41 70 68 0 66 64 83 52 99 82 69 0 39 38 37 35 36 40 43 44 42 61 0 2 6 7 8 46 4 45 5 3 1 100 0 90 65 0 10 11 9 13 15 16 17 47 14 12 
0 88 60 78 73 79 7 6 55 0 86 74 77 58 75 97 59 87 0 22 24 25 23 21 48 18 19 49 20 0 51 76 89 63 85 84 56 0 80 92 95 91 0 67 34 31 29 27 26 28 30 32 33 50 62 0 69 98 53 82 90 0 61 81 54 72 71 93 94 96 0 66 64 83 57 52 99 65 0 42 44 43 40 36 35 37 38 39 41 0 68 70 1 3 5 45 4 46 8 2 100 0 10 11 9 13 15 16 17 47 14 12 
