0 90 82 10 11 9 13 15 16 17 47 14 12 53 60 78 73 79 7 8 46 45 5 3 1 4 6 2 70 100 55 88 98 69 68 61 42 44 43 40 36 35 37 38 39 41 72 71 93 96 54 81 0 91 92 95 56 64 83 66 65 99 52 57 86 74 87 59 97 75 58 77 25 23 21 48 18 19 49 24 22 20 51 84 85 63 76 89 33 32 30 28 26 27 29 31 34 50 62 67 94 80 
0 65 66 83 64 56 95 94 93 71 72 41 39 38 37 35 36 40 43 44 42 61 68 55 100 70 2 1 3 5 45 4 46 8 7 6 60 79 73 78 12 14 47 17 16 15 13 9 11 10 53 88 98 69 0 90 82 99 52 57 86 74 87 59 97 75 58 77 25 23 21 48 18 19 49 24 22 20 51 84 85 63 76 89 33 32 30 28 26 27 29 31 34 50 62 67 92 91 80 96 54 81 
0 68 55 98 53 82 99 52 57 86 74 87 59 97 75 58 77 25 23 21 48 18 19 49 24 22 20 51 85 63 76 89 33 32 30 28 26 27 29 31 34 50 67 62 84 95 56 64 83 66 65 90 0 80 91 92 94 93 71 96 81 54 72 41 39 38 37 35 36 40 43 44 42 61 70 100 2 1 3 5 45 4 46 8 6 7 79 73 14 47 17 16 15 13 9 10 11 12 78 60 88 69 
0 90 99 52 57 86 74 87 59 97 75 58 77 25 23 21 48 18 19 49 24 22 20 51 76 89 63 85 84 62 50 33 32 30 28 26 27 29 31 34 67 94 96 54 81 0 68 61 42 44 43 40 36 35 37 38 39 41 72 71 93 80 91 92 95 56 64 83 66 65 82 10 11 9 13 15 16 17 47 14 12 53 60 78 73 79 7 8 46 5 3 1 45 4 6 2 70 100 55 88 98 69 
0 90 99 52 57 86 74 87 59 97 75 58 77 25 23 21 48 18 19 49 24 22 20 76 89 63 85 51 84 62 50 33 32 30 28 26 27 29 31 34 67 71 72 41 39 38 37 35 36 40 43 44 42 61 68 0 81 54 96 93 94 80 91 92 95 56 64 83 66 65 82 10 11 9 13 15 16 17 47 14 12 78 73 79 7 6 8 46 4 45 5 3 1 2 70 100 55 88 60 53 98 69 
0 90 99 52 57 86 74 87 59 97 75 58 77 25 23 21 48 18 19 49 24 22 20 51 85 63 76 89 33 32 30 28 26 27 29 31 34 50 62 67 93 71 72 41 39 38 37 35 36 40 43 44 42 61 68 0 69 98 88 55 100 70 2 1 3 5 45 4 46 8 6 7 79 73 78 60 53 12 14 47 17 16 15 13 9 11 10 82 65 66 83 64 56 84 95 91 80 92 94 96 54 81 
0 90 99 52 57 86 74 87 59 97 75 58 77 25 23 21 48 18 19 49 24 22 20 51 76 89 63 85 84 62 50 33 32 30 28 26 27 29 31 34 67 93 71 72 41 39 38 37 35 36 40 43 44 42 61 68 0 81 54 96 94 80 91 92 95 56 64 83 66 65 82 10 11 9 13 15 16 17 47 14 12 53 60 78 73 79 7 6 8 46 4 45 5 3 1 2 70 100 55 88 98 69 
0 80 91 95 92 94 96 54 81 61 42 44 43 40 36 35 37 38 39 41 72 71 93 67 34 31 29 27 26 28 30 32 33 50 62 84 51 85 63 76 89 18 48 21 23 25 19 49 20 22 24 57 83 64 56 66 65 90 0 68 70 100 2 1 3 5 45 4 46 8 6 7 79 73 78 60 53 12 14 47 17 16 15 11 10 9 13 97 75 77 58 59 87 74 86 52 99 82 98 88 55 69 
0 90 82 65 66 83 57 24 22 20 49 19 18 48 21 23 25 77 58 75 97 59 87 74 86 52 99 9 10 11 13 15 16 17 47 14 12 53 60 78 73 79 7 6 8 46 4 45 5 3 1 2 100 55 88 98 69 0 68 70 61 42 44 43 40 36 35 37 38 39 41 72 71 93 94 67 34 31 29 27 26 28 30 32 33 50 62 84 85 63 89 76 51 64 56 95 92 91 80 96 54 81 
0 90 82 99 52 57 86 74 87 59 97 75 58 77 25 23 21 48 18 19 49 24 22 20 51 85 63 76 89 33 32 30 28 26 27 29 31 34 50 67 62 84 95 92 80 91 56 64 83 66 65 0 68 61 81 54 96 94 93 71 72 41 39 38 37 35 36 40 43 44 42 70 100 2 1 3 5 45 4 46 8 6 7 79 73 78 12 14 47 17 16 15 13 9 11 10 53 60 88 55 98 69 
0 90 82 99 52 57 86 74 58 75 77 25 23 21 48 18 19 49 24 22 20 51 76 89 63 85 84 62 33 32 30 28 26 27 29 31 34 50 67 71 93 94 92 91 95 56 64 83 66 65 0 80 96 81 54 72 41 39 38 37 35 36 40 43 44 42 61 68 70 100 2 1 3 5 45 4 46 8 6 7 79 73 78 60 12 14 47 17 16 15 13 97 59 87 9 11 10 53 88 55 98 69 
0 90 82 99 52 57 86 74 87 59 97 75 58 77 25 23 21 48 18 19 49 24 22 20 51 76 89 63 85 84 62 50 33 32 30 28 26 27 29 31 34 67 93 71 72 41 39 38 37 35 36 40 43 44 42 61 68 0 69 55 100 70 2 1 3 5 45 4 46 8 6 7 79 73 78 60 12 14 47 17 16 15 13 9 11 10 53 88 98 65 66 83 64 56 95 91 92 94 96 54 81 80 
0 90 99 52 57 86 74 87 59 97 75 58 77 25 23 21 48 18 19 49 24 22 20 51 76 89 63 85 84 62 50 33 32 30 28 26 27 29 31 34 71 72 41 39 38 37 35 36 40 43 44 42 61 55 88 98 69 0 68 70 100 2 1 3 5 45 4 46 8 6 7 79 73 78 60 53 12 14 47 17 16 15 13 9 11 10 82 65 66 83 64 56 95 67 92 91 80 94 93 96 54 81 
0 90 99 52 57 86 74 87 59 97 75 58 77 25 23 21 48 18 19 49 24 22 20 51 76 89 63 85 84 62 50 33 32 30 28 26 27 29 31 34 67 94 93 71 72 41 39 38 37 35 36 40 43 44 42 61 68 0 81 54 96 80 91 92 95 56 64 83 66 65 82 10 11 9 13 15 16 17 47 14 12 53 60 78 73 79 7 6 8 46 4 45 5 3 1 2 70 100 55 88 98 69 
0 90 99 52 57 86 74 87 59 97 75 58 77 25 23 21 48 18 19 49 24 22 20 51 76 89 63 85 84 62 50 33 32 30 28 26 27 29 31 34 67 96 54 81 0 68 61 42 44 43 40 36 35 37 38 39 41 72 71 93 94 80 91 92 95 56 64 83 66 65 82 53 10 11 9 13 15 16 17 47 14 12 60 78 73 79 7 8 46 45 5 3 1 4 6 2 70 100 55 88 98 69 
0 65 66 83 64 56 95 67 62 50 34 31 29 27 26 28 30 32 33 89 76 63 85 84 51 20 22 24 49 19 18 48 21 23 25 77 58 75 97 59 87 74 86 57 52 99 82 90 0 68 61 81 54 96 80 91 92 94 93 71 72 41 39 38 37 35 36 40 43 44 42 70 100 2 6 4 1 3 5 45 46 8 7 79 73 78 60 12 14 47 17 16 15 13 9 11 10 53 98 88 55 69 
0 94 96 54 81 61 68 55 88 98 82 99 52 57 86 74 87 59 97 75 58 77 25 23 21 48 18 19 49 24 22 20 51 76 89 63 85 84 56 64 83 66 65 90 0 69 53 10 11 9 13 15 16 17 47 14 12 60 78 73 79 7 6 8 46 4 45 5 3 1 2 100 70 42 44 43 40 36 35 37 38 39 41 72 71 93 67 50 34 31 29 27 26 28 30 32 33 62 95 92 91 80 
0 90 65 99 52 57 86 74 87 59 97 75 58 77 25 23 21 48 18 19 49 24 22 20 51 85 63 76 89 33 32 30 28 26 27 29 31 34 50 62 67 96 54 81 0 68 61 42 44 43 40 36 35 37 38 39 41 72 71 93 94 80 91 92 95 84 56 64 83 66 82 10 11 9 13 15 16 17 47 14 12 53 60 78 73 79 7 8 46 5 3 1 45 4 6 2 70 100 55 88 98 69 
0 65 66 83 64 56 95 92 91 80 96 54 81 98 53 12 11 10 9 13 15 16 17 47 14 78 60 73 79 7 6 8 46 4 45 5 3 1 2 70 100 55 88 69 0 90 82 99 52 57 86 74 87 59 97 75 58 77 25 23 21 48 18 19 49 24 22 20 51 84 85 63 76 89 33 32 30 28 26 27 29 31 34 50 62 67 94 93 71 72 41 39 38 37 35 36 40 43 44 42 61 68 
0 90 82 10 11 9 13 15 16 17 47 14 12 78 73 79 7 6 8 46 5 3 1 45 4 2 100 70 42 44 43 40 36 35 37 38 39 41 61 68 55 88 60 53 98 69 0 80 91 92 95 56 64 83 66 65 99 52 57 86 74 87 59 97 75 58 77 25 23 21 48 18 19 49 24 22 20 51 76 89 63 85 84 62 50 33 32 30 28 26 27 29 31 34 67 94 96 93 71 72 54 81 
