0 94 67 34 31 29 27 26 28 30 32 33 50 62 95 92 80 0 55 88 60 78 73 79 7 8 46 5 3 1 45 4 6 2 100 70 68 0 64 51 76 89 63 85 84 56 91 0 90 99 52 86 74 87 59 97 75 58 77 25 23 21 48 18 19 49 20 22 24 57 83 66 0 81 54 96 93 71 72 41 39 38 37 35 36 40 43 44 42 61 0 65 82 10 11 9 13 15 16 17 47 14 12 53 98 69 
0 56 95 84 51 85 63 76 89 33 32 30 28 26 27 29 31 34 50 62 67 80 0 90 99 52 86 74 87 59 97 75 58 77 25 23 21 48 18 19 49 20 22 24 57 83 64 66 0 65 82 10 11 9 13 15 16 17 47 14 12 53 98 69 0 91 92 94 96 93 71 72 39 38 37 35 36 40 43 44 42 41 54 81 0 55 88 60 78 73 79 7 6 8 46 4 45 5 3 1 2 100 70 61 68 
0 99 52 86 74 87 59 97 75 58 77 25 23 21 48 18 19 49 20 22 24 57 83 0 91 56 84 85 63 89 76 51 64 66 65 0 96 93 71 72 39 38 37 35 36 40 43 44 42 41 54 81 61 68 0 94 67 34 31 29 27 26 28 30 32 33 50 62 95 92 80 0 88 60 78 73 79 7 6 8 46 45 5 3 1 4 2 70 100 55 0 69 98 53 12 14 47 17 16 15 13 9 11 10 82 90 
0 99 52 86 74 87 59 97 75 58 77 25 23 21 48 18 19 49 20 22 24 57 83 0 55 88 60 78 73 79 7 8 46 45 5 3 1 4 6 2 100 70 0 65 66 64 51 76 89 63 85 84 56 0 90 82 10 11 9 13 15 16 17 47 14 12 53 98 69 0 91 92 95 62 50 33 32 30 28 26 27 29 31 34 67 94 80 0 68 61 41 42 44 43 40 36 35 37 38 39 72 71 93 96 54 81 
0 10 11 9 13 15 16 17 47 14 12 53 98 69 0 82 99 52 86 74 87 59 97 75 58 77 25 23 21 48 18 19 49 20 22 24 57 83 0 90 65 66 64 51 76 89 63 85 84 56 92 80 0 81 54 72 41 39 38 37 35 36 40 43 44 42 61 0 55 88 60 78 73 79 7 6 2 8 46 4 45 5 3 1 100 70 68 0 96 71 93 94 67 34 31 29 27 26 28 30 32 33 50 62 95 91 
0 53 12 14 47 17 16 15 13 11 10 9 59 74 57 83 64 66 65 0 96 93 71 62 89 76 51 20 22 24 49 19 18 48 21 23 25 77 58 75 97 87 86 52 99 82 90 0 91 92 95 56 84 85 63 33 32 30 28 26 27 29 31 34 50 67 94 80 0 68 61 42 44 43 40 36 35 37 38 39 41 72 54 81 0 55 100 70 2 6 4 1 3 5 45 46 8 7 79 73 78 60 88 98 69 
0 57 86 74 87 59 97 75 58 77 25 23 21 48 18 19 49 20 22 24 83 0 55 88 60 78 73 79 7 8 46 45 5 3 1 4 6 2 100 70 68 0 65 66 64 51 76 89 63 85 84 56 91 0 61 42 44 43 40 36 35 37 38 39 41 72 71 93 96 54 81 0 90 82 99 52 9 10 11 13 15 16 17 47 14 12 53 98 69 0 94 67 34 31 29 27 26 28 30 32 33 50 62 95 92 80 
0 90 65 82 99 52 9 13 10 11 15 16 17 47 14 12 53 98 69 0 83 57 86 74 87 59 97 75 58 77 25 23 21 48 18 19 49 20 22 24 64 66 0 81 54 96 93 71 72 41 39 38 37 35 36 40 43 44 42 61 0 55 88 60 78 73 79 7 8 46 45 5 3 1 4 6 2 100 70 68 0 91 56 95 84 51 76 89 63 85 33 32 30 28 26 27 29 31 34 50 62 67 94 92 80 
0 10 11 9 13 15 16 17 47 14 12 53 98 69 0 56 95 84 85 63 89 76 51 64 66 65 0 90 82 99 52 57 86 74 87 59 97 75 58 77 25 23 21 48 18 19 49 20 22 24 83 0 91 92 67 62 50 33 32 30 28 26 27 29 31 34 71 93 94 80 0 81 96 54 72 41 39 38 37 35 36 40 43 44 42 61 0 55 88 60 78 73 79 7 6 8 46 4 45 5 3 1 2 100 70 68 
0 68 61 70 1 3 5 45 4 46 8 7 6 2 100 0 90 82 99 52 86 74 87 59 97 75 58 77 25 23 21 48 18 19 49 20 22 24 57 83 64 66 0 91 95 67 62 50 34 31 29 27 26 28 30 32 33 89 76 63 85 51 84 56 0 80 92 94 96 93 71 72 39 38 37 35 36 40 43 44 42 41 54 81 0 55 88 60 79 73 78 12 14 47 17 16 15 13 9 11 10 53 98 69 0 65 
0 99 52 57 86 74 87 59 97 75 58 77 25 23 21 48 18 19 49 20 22 24 83 0 66 64 51 76 89 63 85 84 56 92 80 0 91 95 62 50 33 32 30 28 26 27 29 31 34 67 94 93 71 96 0 81 54 72 41 39 38 37 35 36 40 43 44 42 61 0 55 88 60 78 73 79 7 6 8 46 45 5 3 1 4 2 100 70 68 0 90 65 82 10 11 9 13 15 16 17 47 14 12 53 98 69 
0 90 99 52 57 86 74 87 59 97 75 58 77 25 23 21 48 18 19 49 20 22 24 83 0 55 88 60 78 73 79 7 6 8 46 45 5 3 1 4 2 100 70 68 0 94 67 34 31 29 27 26 28 30 32 33 50 62 95 92 80 0 82 10 11 9 13 15 16 17 47 14 12 53 98 69 0 65 66 64 51 76 89 63 85 84 56 91 0 81 54 96 93 71 72 41 39 38 37 35 36 40 43 44 42 61 
0 88 60 79 73 78 12 14 47 17 16 15 13 9 11 10 53 98 69 0 96 93 71 34 31 29 27 26 28 30 32 33 50 62 67 94 80 0 65 66 64 51 76 89 63 85 84 56 95 92 91 0 90 82 99 52 86 74 87 59 97 75 58 77 25 23 21 48 18 19 49 20 22 24 57 83 0 55 100 2 6 7 8 46 4 45 5 3 1 70 68 0 61 42 44 43 40 36 35 37 38 39 41 72 54 81 
0 55 88 60 78 73 79 7 6 8 46 4 45 5 3 1 2 100 70 61 68 0 56 84 51 85 63 76 89 33 32 30 28 26 27 29 31 34 50 62 95 91 0 83 57 86 74 87 59 97 75 58 77 25 23 21 48 18 19 49 20 22 24 64 66 0 80 92 67 94 93 71 72 41 39 38 37 35 36 40 43 44 42 54 96 81 0 90 65 82 99 52 9 10 11 13 15 16 17 47 14 12 53 98 69 
0 56 84 51 85 63 76 89 33 32 30 28 26 27 29 31 34 50 96 0 80 91 92 95 62 67 94 93 71 72 41 39 38 37 35 36 40 43 44 42 54 81 0 83 57 86 74 87 59 97 75 58 77 25 23 21 48 18 19 49 20 22 24 64 66 0 90 65 82 99 52 9 10 11 13 15 16 17 47 14 12 53 98 69 0 55 88 60 78 73 79 7 6 8 46 4 45 5 3 1 2 100 70 61 68 
0 52 86 74 59 97 75 58 77 25 23 21 48 18 19 49 20 22 24 57 83 64 66 0 81 54 96 94 67 62 50 34 31 29 27 26 28 30 32 33 89 76 51 63 85 84 56 91 0 80 92 95 93 71 72 41 39 38 37 35 36 40 43 44 42 61 68 0 65 99 87 9 13 15 16 17 47 14 12 11 10 82 90 0 69 98 53 88 60 78 73 79 7 6 8 46 4 45 5 3 1 2 70 100 55 
0 81 54 96 67 62 50 34 31 29 27 26 28 30 32 33 89 76 63 85 51 84 95 56 91 0 99 52 57 86 74 87 59 97 75 58 77 25 23 21 48 18 19 49 20 22 24 64 83 66 0 68 61 42 44 43 40 36 35 37 38 39 41 72 71 93 94 92 80 0 88 60 78 73 79 7 6 8 46 4 45 5 3 1 2 70 100 55 0 90 65 82 10 11 9 13 15 16 17 47 14 12 53 98 69 
0 99 52 86 74 87 59 97 75 58 77 25 23 21 48 18 19 49 20 22 24 57 83 0 66 64 84 51 76 89 63 85 33 32 30 28 26 27 29 31 34 50 62 67 95 56 91 80 0 61 42 44 43 40 36 35 37 38 39 41 72 71 93 94 92 96 54 81 0 55 88 60 78 73 79 7 6 8 46 5 3 1 45 4 2 100 70 68 0 90 65 82 10 11 9 13 15 16 17 47 14 12 53 98 69 
0 65 66 64 51 76 89 63 85 84 56 91 0 81 54 72 39 38 37 35 36 40 43 44 42 41 61 0 80 92 95 62 50 33 32 30 28 26 27 29 31 34 67 94 93 71 96 0 90 82 99 52 57 86 74 87 59 97 75 58 77 25 23 21 48 18 19 49 20 22 24 83 0 88 60 79 73 78 14 47 17 16 15 13 9 10 11 12 53 98 69 0 68 70 1 3 5 45 4 46 8 7 6 2 100 55 
0 65 82 10 11 9 13 15 16 17 47 14 12 53 98 69 0 66 64 51 76 89 63 85 84 56 92 80 0 90 99 52 57 86 74 87 59 97 75 58 77 25 23 21 48 18 19 49 20 22 24 83 0 91 95 62 50 33 32 30 28 26 27 29 31 34 67 94 93 71 96 0 61 42 44 43 40 36 35 37 38 39 41 72 54 81 0 55 88 60 78 73 79 7 8 46 45 5 3 1 4 6 2 100 70 68 
