0 80 91 92 95 62 50 33 32 30 28 26 27 29 31 34 67 94 93 71 72 41 39 38 37 35 36 40 43 44 42 54 96 81 0 90 82 99 52 57 86 74 87 59 97 75 58 77 25 23 21 48 18 19 49 24 22 20 51 76 89 63 85 84 56 64 83 66 65 0 69 55 88 98 53 10 11 9 13 15 16 17 47 14 12 60 78 73 79 7 6 8 46 4 45 5 3 1 2 100 70 61 68 
0 65 66 83 64 56 95 62 50 33 32 30 28 26 27 29 31 34 67 93 71 72 41 39 38 37 35 36 40 43 44 42 61 68 0 90 82 99 52 57 86 74 87 59 97 75 58 77 25 23 21 48 18 19 49 24 22 20 51 76 89 63 85 84 91 92 94 96 54 81 80 0 69 98 53 10 11 9 13 15 16 17 47 14 12 78 73 79 60 6 7 8 46 4 45 5 3 1 2 70 100 55 88 
0 81 54 96 94 92 56 84 85 63 89 76 51 20 22 49 19 18 48 21 23 25 24 64 83 66 65 0 80 91 95 62 50 33 32 30 28 26 27 29 31 34 67 93 71 72 41 39 38 37 35 36 40 43 44 42 61 55 88 60 53 98 69 0 90 82 99 52 57 86 74 77 58 75 97 59 87 9 10 11 13 15 16 17 47 14 12 78 73 79 7 6 8 46 4 45 5 3 1 2 100 70 68 
0 65 66 83 64 95 62 33 32 30 28 26 27 29 31 34 50 67 93 71 72 41 39 38 37 35 36 40 43 44 42 54 81 0 90 82 99 52 57 86 74 87 59 97 75 58 77 25 23 21 48 18 19 49 24 22 20 51 76 89 63 85 84 56 91 92 94 96 80 0 69 55 88 98 53 10 11 9 13 15 16 17 47 14 12 60 78 73 79 7 6 8 46 4 45 5 3 1 2 100 70 61 68 
0 99 52 57 86 74 87 59 97 75 58 77 25 23 21 48 18 19 49 24 22 20 51 76 89 63 85 84 92 94 96 54 81 0 80 91 66 83 64 56 95 62 50 33 32 30 28 26 27 29 31 34 67 93 71 72 41 39 38 37 35 36 40 43 44 42 61 68 0 90 65 82 10 11 9 13 15 16 17 47 14 12 53 98 88 60 78 73 79 7 6 8 46 4 45 5 3 1 2 70 100 55 69 
0 81 96 54 42 44 43 40 36 35 37 38 39 41 72 71 93 94 67 34 31 29 27 26 28 30 32 33 50 62 95 92 91 80 0 90 82 99 52 57 86 74 87 59 97 75 58 77 25 23 21 48 18 19 49 24 22 20 51 76 89 63 85 84 56 64 83 66 65 0 69 98 55 88 60 53 12 11 10 9 13 15 16 17 47 14 78 73 79 7 6 8 46 4 45 5 3 1 2 100 70 61 68 
0 80 91 92 95 62 50 33 32 30 28 26 27 29 31 34 67 94 93 71 96 54 72 41 39 38 37 35 36 40 43 44 42 61 81 68 0 99 52 57 86 74 87 59 97 75 58 77 25 23 21 48 18 19 49 24 22 20 51 76 89 63 85 84 56 64 83 66 0 90 65 82 10 11 9 13 15 16 17 47 14 12 53 98 88 60 78 73 79 7 6 8 46 4 45 5 3 1 2 70 100 55 69 
0 82 10 11 9 13 15 16 17 47 14 12 53 98 69 55 88 60 78 73 79 7 6 8 46 4 45 5 3 1 2 100 70 61 68 0 80 91 92 95 62 50 33 32 30 28 26 27 29 31 34 67 94 93 71 72 39 38 37 35 36 40 43 44 42 41 54 96 81 0 90 65 83 57 99 52 86 74 87 59 97 75 58 77 25 23 21 48 18 19 49 24 22 20 51 76 89 63 85 84 56 64 66 
0 56 95 67 62 50 34 31 29 27 26 28 30 32 33 85 63 89 76 51 84 64 66 0 80 91 92 94 93 71 96 54 72 41 39 38 37 35 36 40 43 44 42 61 81 0 55 88 60 78 12 11 10 9 13 15 16 17 47 14 73 79 7 6 8 46 4 45 5 3 1 2 100 70 68 0 69 98 53 82 99 52 57 86 74 87 59 97 75 58 77 25 23 21 48 18 19 49 20 22 24 83 65 90 
0 66 83 57 52 86 74 87 59 97 75 58 77 25 23 21 48 18 19 49 24 22 20 51 76 89 63 85 84 64 56 91 0 80 92 95 62 50 33 32 30 28 26 27 29 31 34 67 94 93 71 96 81 54 72 41 39 38 37 35 36 40 43 44 42 61 68 0 69 55 100 70 1 3 5 45 4 46 8 7 6 2 88 98 53 60 79 73 78 12 14 47 17 16 15 13 9 11 10 99 82 65 90 
0 69 55 88 98 53 10 11 9 13 15 16 17 47 14 12 60 78 73 79 7 6 8 46 4 45 5 3 1 2 100 70 61 68 0 65 82 99 52 57 86 74 87 59 97 75 58 77 25 23 21 48 18 19 49 24 22 20 51 76 89 63 85 84 95 92 91 80 0 90 66 83 64 56 62 50 33 32 30 28 26 27 29 31 34 67 94 93 71 72 41 39 38 37 35 36 40 43 44 42 54 96 81 
0 69 98 82 99 10 11 9 13 15 16 17 47 14 12 53 88 60 78 73 79 7 6 8 46 4 45 5 3 1 2 70 100 55 0 66 64 56 84 85 63 89 76 51 20 22 24 49 19 18 48 21 23 25 77 58 75 97 59 87 74 86 52 57 83 65 90 0 80 91 92 95 62 50 33 32 30 28 26 27 29 31 34 67 94 96 81 54 93 71 72 41 39 38 37 35 36 40 43 44 42 61 68 
0 65 99 52 86 74 57 83 66 64 56 92 96 54 81 70 100 2 1 3 5 45 4 46 8 6 7 79 73 78 60 88 55 69 0 90 82 98 53 12 14 47 17 16 15 13 11 10 9 87 59 97 75 58 77 25 23 21 48 18 19 49 24 22 20 51 76 89 63 85 84 95 91 0 80 94 67 62 50 33 32 30 28 26 27 29 31 34 93 71 72 41 39 38 37 35 36 40 43 44 42 61 68 
0 90 82 99 52 86 74 87 59 97 75 58 77 25 23 21 48 18 19 49 20 22 24 57 83 66 65 0 81 54 96 93 71 72 41 39 38 37 35 36 40 43 44 42 61 0 80 92 94 67 34 31 29 27 26 28 30 32 33 50 62 95 84 85 63 89 76 51 64 56 91 0 69 98 55 88 60 53 12 11 10 9 13 15 16 17 47 14 78 73 79 7 6 8 46 4 45 5 3 1 2 100 70 68 
0 68 61 81 96 54 41 42 44 43 40 36 35 37 38 39 72 71 93 94 67 34 31 29 27 26 28 30 32 33 50 62 95 92 80 0 69 98 88 55 100 70 2 1 3 5 45 4 46 8 6 7 79 73 78 60 53 12 14 47 17 16 15 13 11 10 9 52 99 82 90 0 65 66 64 83 57 86 74 87 59 97 75 58 77 25 23 21 48 18 19 49 24 22 20 51 76 89 63 85 84 56 91 
0 66 56 64 83 57 86 74 87 59 97 75 58 77 25 23 21 48 18 19 49 24 22 20 51 76 89 63 85 84 95 94 96 54 81 0 69 55 100 70 2 6 4 45 1 3 5 46 8 7 79 73 78 60 88 98 53 12 14 47 17 16 15 13 11 10 9 52 99 82 65 90 0 80 91 92 67 62 50 33 32 30 28 26 27 29 31 34 93 71 72 41 39 38 37 35 36 40 43 44 42 61 68 
0 55 88 98 53 10 11 9 13 15 16 17 47 14 12 60 78 73 79 7 6 8 46 4 45 5 3 1 2 100 70 61 68 0 69 82 99 52 57 86 74 87 59 97 75 58 77 25 23 21 48 18 19 49 24 22 20 51 76 89 63 85 84 64 83 66 65 90 0 80 96 94 92 91 56 95 62 33 32 30 28 26 27 29 31 34 50 67 93 71 72 41 39 38 37 35 36 40 43 44 42 54 81 
0 80 91 92 62 50 33 32 30 28 26 27 29 31 34 67 93 71 72 41 39 38 37 35 36 40 43 44 42 61 68 0 66 56 64 83 57 86 74 87 59 97 75 58 77 25 23 21 48 18 19 49 24 22 20 51 76 89 63 85 84 95 94 96 54 81 0 69 98 88 55 100 70 2 4 1 3 5 45 46 8 6 7 79 73 78 60 53 12 14 47 17 16 15 13 11 10 9 52 99 82 65 90 
0 53 12 14 47 17 16 15 13 9 11 10 82 99 52 57 86 74 87 59 97 75 58 77 25 23 21 48 18 19 49 20 22 24 83 66 65 90 0 96 71 93 94 67 62 50 34 31 29 27 26 28 30 32 33 85 63 89 76 51 84 64 56 95 92 91 80 0 81 54 72 41 39 38 37 35 36 40 43 44 42 61 68 55 100 70 2 6 4 45 1 3 5 46 8 7 79 73 78 60 88 98 69 
0 90 65 82 99 9 10 11 13 15 16 17 47 14 12 53 98 69 55 88 60 78 73 79 7 8 46 45 5 3 1 4 6 2 100 70 68 0 80 92 95 84 85 63 89 76 51 20 22 24 49 19 18 48 21 23 25 77 58 75 97 59 87 74 86 52 57 83 66 64 56 91 0 81 54 96 93 94 67 62 50 33 32 30 28 26 27 29 31 34 71 72 41 39 38 37 35 36 40 43 44 42 61 
