23.0927
37.4993
0 90 82 99 52 86 74 87 59 97 75 58 77 25 23 21 48 18 19 49 20 22 24 57 83 66 65 0 69 55 88 98 53 10 11 9 13 15 16 17 47 14 12 60 78 73 79 7 6 8 46 4 45 5 3 1 2 100 70 68 0 81 61 42 44 43 40 36 35 37 38 39 41 72 54 96 71 93 94 67 34 31 29 27 26 28 30 32 33 50 62 84 85 63 89 76 51 64 56 95 92 91 80 
28.5231
37.1855
0 65 66 83 64 56 95 91 0 80 92 67 62 50 34 31 29 27 26 28 30 32 33 89 76 63 85 84 51 20 22 24 49 19 18 48 21 23 25 77 58 75 97 59 87 74 86 57 52 99 82 90 0 68 61 81 54 96 94 93 71 72 41 39 38 37 35 36 40 43 44 42 70 100 2 1 3 5 45 4 46 8 7 6 60 79 73 78 12 14 47 17 16 15 13 9 11 10 53 98 88 55 69 
26.4098
37.6921
0 90 65 83 57 74 86 52 99 82 55 88 60 78 73 79 7 6 8 46 4 45 5 3 1 2 100 70 68 0 66 64 56 84 62 50 34 31 29 27 26 28 30 32 33 89 76 63 85 51 20 22 24 49 19 18 48 21 23 25 77 58 75 97 59 87 9 13 15 16 17 47 14 12 11 10 53 98 69 0 91 92 95 67 93 71 72 41 39 38 37 35 36 40 43 44 42 61 81 54 96 94 80 
21.0851
37.9675
0 65 66 83 64 56 95 94 93 71 96 61 68 0 90 82 99 52 57 86 74 87 59 97 75 58 77 25 23 21 48 18 19 49 24 22 20 51 76 89 63 85 84 62 50 33 32 30 28 26 27 29 31 34 67 92 91 80 0 81 54 72 41 39 38 37 35 36 40 43 44 42 70 100 2 1 3 5 45 4 46 8 6 7 79 73 78 60 12 14 47 17 16 15 13 9 11 10 53 98 88 55 69 
25.1583
38.0215
0 69 55 88 60 79 73 78 12 14 47 17 16 15 13 9 11 10 53 98 82 99 52 86 74 87 59 97 75 58 77 25 23 21 48 18 19 49 20 22 24 57 83 65 90 0 80 91 92 94 93 71 34 31 29 27 26 28 30 32 33 50 85 63 89 76 51 84 62 67 95 56 64 66 0 68 61 70 100 2 6 7 8 46 4 45 5 3 1 43 40 36 35 37 38 39 44 42 41 72 54 96 81 
25.0947
37.4912
0 90 82 10 11 12 14 47 17 16 15 13 9 99 52 57 86 74 87 59 97 75 58 77 25 23 21 48 18 19 49 20 22 24 64 83 66 65 0 68 61 81 54 72 41 39 38 37 35 36 40 43 44 42 70 100 2 1 3 5 45 4 46 8 6 7 79 73 78 60 53 98 88 55 69 0 96 71 93 94 67 62 50 34 31 29 27 26 28 30 32 33 89 76 63 85 51 84 56 95 92 91 80 
26.7485
37.4327
0 65 66 83 64 56 95 92 91 0 90 82 99 52 57 86 74 87 59 97 75 58 77 25 23 21 48 18 19 49 24 22 20 51 76 89 63 85 84 62 50 33 32 30 28 26 27 29 31 34 67 94 80 0 68 61 81 54 96 93 71 72 41 39 38 37 35 36 40 43 44 42 70 100 2 6 4 1 3 5 45 46 8 7 79 73 78 60 12 14 47 17 16 15 13 9 11 10 53 98 88 55 69 
26.0797
37.2752
0 81 54 96 93 71 72 41 39 38 37 35 36 40 43 44 42 61 70 100 2 1 3 5 45 4 46 8 6 7 79 73 78 60 12 14 47 17 16 15 13 9 11 10 53 88 55 68 0 69 98 82 99 52 86 74 87 59 97 75 58 77 25 23 21 48 18 19 49 20 22 24 57 83 65 90 0 80 91 92 94 67 50 34 31 29 27 26 28 30 32 33 89 76 51 63 85 84 62 95 56 64 66 
23.3631
38.0915
0 56 84 62 67 50 34 31 29 27 26 28 30 32 33 89 76 63 85 51 20 22 24 49 19 18 48 21 23 25 77 58 75 97 59 87 74 86 57 83 64 66 0 80 91 95 92 94 96 93 71 72 39 38 37 35 36 40 43 44 42 41 54 81 61 68 0 90 65 52 99 82 53 12 11 10 9 13 15 16 17 47 14 78 60 73 79 7 6 8 46 4 45 5 3 1 2 70 100 55 88 98 69 
25.9776
38.0512
0 90 82 10 11 9 13 15 16 17 47 14 12 53 60 78 73 79 7 6 8 46 4 45 5 3 1 2 70 100 55 88 98 69 0 80 91 66 83 64 56 67 62 50 33 32 30 28 26 27 29 31 34 71 72 41 39 38 37 35 36 40 43 44 42 61 68 0 65 99 52 57 86 74 87 59 97 75 58 77 25 23 21 48 18 19 49 24 22 20 51 76 89 63 85 84 95 92 94 93 96 54 81 
25.7851
38.6531
0 65 99 52 57 86 74 58 75 77 25 23 21 48 18 19 49 20 22 24 64 83 66 0 80 91 56 84 51 85 63 76 89 33 32 30 28 26 27 29 31 34 50 62 67 95 92 94 93 71 96 54 72 41 39 38 37 35 36 40 43 44 42 61 81 0 90 82 53 10 11 9 87 59 97 13 15 16 17 47 14 12 60 78 73 79 7 6 8 46 4 45 5 3 1 2 100 70 68 55 88 98 69 
27.6199
37.4613
0 94 67 62 50 34 31 29 27 26 28 30 32 33 89 76 63 85 51 20 22 24 49 19 18 48 21 23 25 77 58 75 97 59 87 74 86 57 52 99 65 0 66 83 64 56 84 95 92 91 80 0 68 61 81 54 96 93 71 72 41 39 38 37 35 36 40 43 44 42 70 100 2 1 3 5 45 4 46 8 6 7 79 73 78 60 88 55 69 98 53 12 14 47 17 16 15 13 9 11 10 82 90 
28.4187
37.8195
0 91 92 95 56 64 83 66 0 90 65 99 52 57 86 74 87 59 97 75 58 77 25 23 21 48 18 19 49 24 22 20 51 76 89 63 85 84 62 50 33 32 30 28 26 27 29 31 34 67 94 80 0 81 54 96 93 71 72 41 39 38 37 35 36 40 43 44 42 61 68 70 100 2 6 4 45 1 3 5 46 8 7 79 73 78 60 53 12 14 47 17 16 15 13 9 11 10 82 98 88 55 69 
25.591
37.2568
0 69 98 82 99 52 57 86 74 87 59 97 75 58 77 25 23 21 48 18 19 49 20 22 24 64 83 66 65 90 0 91 56 95 84 51 85 63 76 89 33 32 30 28 26 27 29 31 34 50 62 67 71 93 94 92 80 0 68 61 81 96 54 72 41 39 38 37 35 36 40 43 44 42 70 100 2 1 3 5 45 4 46 8 6 7 79 73 78 14 47 17 16 15 13 9 10 11 12 53 60 88 55 
22.4789
37.3019
0 80 91 66 83 64 56 95 92 93 71 72 41 39 38 37 35 36 40 43 44 42 61 68 0 69 98 88 55 100 70 2 1 3 5 45 4 46 8 6 7 79 73 78 60 53 12 14 47 17 16 15 13 9 11 10 82 90 0 65 99 52 57 86 74 87 59 97 75 58 77 25 23 21 48 18 19 49 24 22 20 51 84 85 63 76 89 33 32 30 28 26 27 29 31 34 50 62 67 94 96 54 81 
22.8787
37.9269
0 80 91 92 95 56 64 83 66 0 65 99 52 57 86 74 87 59 97 75 58 77 25 23 21 48 18 19 49 24 22 20 51 76 89 63 85 84 62 50 33 32 30 28 26 27 29 31 34 67 94 93 71 96 0 90 82 98 69 55 88 60 53 12 11 10 9 13 15 16 17 47 14 78 73 79 7 6 8 46 45 5 3 1 4 2 100 70 68 61 42 44 43 40 36 35 37 38 39 41 72 54 81 
22.788
37.9737
0 90 82 53 10 11 9 13 15 16 17 47 14 12 60 78 73 79 7 6 8 46 4 45 5 3 1 2 100 70 42 44 43 40 36 35 37 38 39 41 72 54 61 68 55 88 98 69 0 80 91 92 95 56 64 83 66 0 81 96 71 93 94 67 34 31 29 27 26 28 30 32 33 50 62 84 85 63 89 76 51 20 22 24 49 19 18 48 21 23 25 77 58 75 97 59 87 74 86 57 52 99 65 
26.1417
37.5156
0 65 66 83 64 56 95 92 91 80 0 90 82 99 52 57 86 74 87 59 97 75 58 77 25 23 21 48 18 19 49 24 22 20 51 76 89 63 85 84 62 50 33 32 30 28 26 27 29 31 34 67 94 93 71 96 0 68 61 81 54 72 41 39 38 37 35 36 40 43 44 42 70 100 2 1 3 5 45 4 46 8 6 7 79 73 78 12 14 47 17 16 15 13 9 11 10 53 60 88 55 98 69 
23.2842
37.0787
0 80 91 92 95 56 64 83 66 65 0 96 71 93 94 67 62 50 34 31 29 27 26 28 30 32 33 89 76 63 85 84 51 20 22 24 49 19 18 48 21 23 25 77 58 75 97 59 87 74 86 57 52 99 82 90 0 81 54 72 41 39 38 37 35 36 40 43 44 42 61 68 70 100 2 6 4 1 3 5 45 46 8 7 79 73 78 60 12 14 47 17 16 15 13 9 11 10 53 98 88 55 69 
30.693
37.2713
0 65 66 83 64 56 84 95 92 91 80 0 90 82 99 52 57 86 74 87 59 97 75 58 77 25 23 21 48 18 19 49 24 22 20 51 76 89 63 85 33 32 30 28 26 27 29 31 34 50 62 67 94 93 71 96 0 81 54 72 41 39 38 37 35 36 40 43 44 42 61 68 70 100 2 6 4 1 3 5 45 46 8 7 79 73 78 60 12 14 47 17 16 15 13 9 11 10 53 98 88 55 69 
